[[[0.23381709166400372, 0.002931826070968102, 0.9722761809494649, -0.2155347499785089], [-0.7645982818352428, -0.6171645119799701, 0.18573484478449442, -0.23474562748338315], [0.6005988969856518, -0.786828678651468, -0.14206194209288878, 0.5862583313692652], [0.0, 0.0, 0.0, 1.0]], [[0.16488170531912835, -0.16581028680205473, 0.9722761809494649, -0.21824554851851793], [-0.9753389801967784, 0.1192327184190149, 0.18573484478449442, -0.2808322812710523], [-0.14672387999151487, -0.9789231367421205, -0.14206194209288878, 0.5074508606648842], [0.0, 0.0, 0.0, 1.0]], [[0.09060848593369167, -0.21556699709168728, 0.9722761809494649, -0.2220321292742288], [-0.8593139397124441, 0.47653134256705276, 0.18573484478449442, -0.2778843158149915], [-0.5033583765992994, -0.852319628611306, -0.14206194209288878, 0.4853896222822738], [0.0, 0.0, 0.0, 1.0]], [[0.08365267043236578, -0.21836038717646916, 0.9722761809494649, -0.22244774003838816], [-0.8435988568400841, 0.5038288758804753, 0.18573484478449442, -0.27702081490783526], [-0.5304179479124341, -0.8357482905403751, -0.14206194209288878, 0.4836741294769097], [0.0, 0.0, 0.0, 1.0]], [[-0.23381287364543946, -0.0032508577307041975, 0.9722761809494649, -0.24683245380995958], [0.763755472952936, 0.6182072022933065, 0.18573484478449442, -0.13276427403144409], [-0.6016719352372178, 0.7860084522170852, -0.14206194209288878, 0.5053885295759754], [0.0, 0.0, 0.0, 1.0]], [[0.23381287364543946, 0.0032508577307043297, 0.9722761809494649, -0.21557761077791587], [-0.7637554729529357, -0.6182072022933068, 0.18573484478449442, -0.22622935454349832], [0.6016719352372183, -0.7860084522170848, -0.14206194209288878, 0.597099349558817], [0.0, 0.0, 0.0, 1.0]], [[0.07074318319790714, 0.2228776121313015, 0.9722761809494649, -0.22358674712232182], [0.34541997885819176, -0.9198845610393113, 0.18573484478449442, -0.13565945298591947], [0.9357779866168223, 0.32270414371706313, -0.14206194209288878, 0.6606976220954104], [0.0, 0.0, 0.0, 1.0]], [[0.13123404464712332, 0.1935372147259549, 0.9722761809494649, -0.22023411317623987], [0.06941049539628952, -0.980145270131791, 0.18573484478449442, -0.15226348906301207], [0.9889185045565679, 0.04311143646873988, -0.14206194209288878, 0.6619346744899794], [0.0, 0.0, 0.0, 1.0]], [[0.23243776411845307, 0.025528685237158007, 0.9722761809494649, -0.21568710351845977], [-0.7013338005082204, -0.6882103368139537, 0.18573484478449442, -0.2124290158138647], [0.6738720843574915, -0.7250619411695022, -0.14206194209288878, 0.6143928382448851], [0.0, 0.0, 0.0, 1.0]], [[-0.0013648592172308205, 0.2338314887213454, 0.9722761809494651, -0.23116271004856176], [0.6120267776044088, -0.7687169771301035, 0.18573484478449445, -0.10876292178083645], [0.7908358620184603, 0.595312559882887, -0.1420619420928888, 0.6440126097873844], [0.0, 0.0, 0.0, 1.0]], [[0.290616837896809, 0.002666935481843197, -0.956835796250326, 0.2605813480712032], [-0.674432473040126, 0.7099202695439313, -0.20286461051561416, -0.21038634039163123], [0.6787360995555192, 0.7042770039876411, 0.20811345178616555, 0.6108236574917757], [0.0, 0.0, 0.0, 1.0]], [[0.2346671100805149, -0.17145438594700324, -0.956835796250326, 0.25812122482586164], [-0.11683889757165145, 0.9722112022675882, -0.20286461051561416, -0.1441804082284818], [0.9650285070715271, 0.15940129147828985, 0.20811345178616555, 0.6640489851325451], [0.0, 0.0, 0.0, 1.0]], [[0.2669357057803721, -0.11493732202178307, -0.956835796250326, 0.2596251694446196], [-0.33024684720253117, 0.9218367370164504, -0.20286461051561416, -0.16256224918683046], [0.9053631033415944, 0.37014381298803956, 0.20811345178616555, 0.6530453861815142], [0.0, 0.0, 0.0, 1.0]], [[0.22905115836994328, -0.17888774654344447, -0.956835796250326, 0.2578506483655163], [-0.08561796487343787, 0.9754565668912578, -0.20286461051561416, -0.14171968462010007], [0.9696417539175579, 0.12838870762387722, 0.20811345178616555, 0.665203626946697], [0.0, 0.0, 0.0, 1.0]], [[0.007072573522273086, -0.2905430049369223, -0.956835796250326, 0.24221341943674743], [0.6996138339191219, 0.6851178243115087, -0.20286461051561416, -0.08046007511908201], [0.7144861524849584, -0.6679807849728074, 0.20811345178616555, 0.6530234744880801], [0.0, 0.0, 0.0, 1.0]], [[-0.10632255860732781, -0.2704824810319437, -0.956835796250326, 0.23183738494832662], [0.910778179794454, 0.3596234934075489, -0.20286461051561416, -0.0609120374058363], [0.3989719548307782, -0.8930342493119482, 0.20811345178616555, 0.6243729662511915], [0.0, 0.0, 0.0, 1.0]], [[-0.28785079054341556, -0.040089666967127, -0.956835796250326, 0.22226519385340152], [0.7602815150555287, -0.6171045030343063, -0.20286461051561416, -0.10226684405714787], [-0.5823349038555053, -0.7858593073427625, 0.20811345178616555, 0.5400514498771772], [0.0, 0.0, 0.0, 1.0]], [[-0.2517693921206264, -0.14518068812763885, -0.956835796250326, 0.22402869519179483], [0.93629663515665, -0.2866959378761467, -0.20286461051561416, -0.07302367365562495], [-0.24486891224805446, -0.946957236098918, 0.20811345178616555, 0.5766650638250446], [0.0, 0.0, 0.0, 1.0]], [[-0.0011711886506091105, -0.29062671475820867, -0.956835796250326, 0.24147362200472242], [0.7187649304195126, 0.6649984395465764, -0.20286461051561416, -0.07873070612367736], [0.6952521867036293, -0.6879776072442105, 0.20811345178616555, 0.6513078866960333], [0.0, 0.0, 0.0, 1.0]], [[0.29061106917773977, 0.003235040243247861, -0.956835796250326, 0.2605612172578369], [-0.6758189660079955, 0.7086005045046413, -0.20286461051561416, -0.2153080429801406], [0.6773580527721323, 0.705602479821601, 0.20811345178616555, 0.6059335307229695], [0.0, 0.0, 0.0, 1.0]], [[0.1560669411575532, 0.24517008155916842, -0.956835796250326, 0.2536972432590194], [-0.9627277962134854, -0.17888862512265563, -0.20286461051561416, -0.277214660902559], [-0.22090337316494446, 0.9528328766945422, 0.20811345178616555, 0.5140300146570183], [0.0, 0.0, 0.0, 1.0]], [[0.015674782678579458, 0.29020606506753743, -0.956835796250326, 0.2438746579220439], [-0.7510589476187605, -0.628296432428315, -0.20286461051561416, -0.2645528508697338], [-0.6600490575629809, 0.7218199448587355, 0.20811345178616555, 0.4812115301102932], [0.0, 0.0, 0.0, 1.0]], [[0.2889878345412339, 0.030842997603554863, -0.956835796250326, 0.26043487782551195], [-0.7401117218813547, 0.6411556666942627, -0.20286461051561416, -0.2310606772594272], [0.6072237401658342, 0.7667907932185041, 0.20811345178616555, 0.5899973282308955], [0.0, 0.0, 0.0, 1.0]], [[0.0011711886506090298, 0.29062671475820867, -0.956835796250326, 0.24119355289153432], [-0.7187649304195124, -0.6649984395465767, -0.20286461051561416, -0.25844603625109575], [-0.6952521867036295, 0.6879776072442104, 0.20811345178616555, 0.4748375034137377], [0.0, 0.0, 0.0, 1.0]], [[0.00027307510956464665, -0.999640014085484, 0.026828486151074023, 0.004755023492528938], [0.22553030274509303, -0.026075717524637526, -0.9738871287265697, 0.22603920443965494], [0.9742361151043886, 0.006316580938224868, 0.22544199438338822, 0.8477493975686488], [0.0, 0.0, 0.0, 1.0]], [[-0.005538575762084778, -0.9996247078325792, 0.026828486151074023, -0.06536079117604687], [0.22537489388101903, -0.027386451191007296, -0.9738871287265697, 0.22414755971768335], [0.9742563735417117, 0.0006525195731153796, 0.22544199438338822, 0.8479217377578034], [0.0, 0.0, 0.0, 1.0]], [[-0.01703080290179936, 0.0697798054589478, 0.9974170293827107, -0.20695420282515892], [0.002007382700335771, 0.9975620862003616, -0.06975567783540339, 0.19524121010861314], [-0.999852950271796, 0.0008142024893069803, -0.017129358046697227, -0.03551646027171046], [0.0, 0.0, 0.0, 1.0]], [[0.19673146904529915, -0.9803078816646038, 0.01712268184412855, -0.1746731865435794], [0.9804537210973748, 0.1967486203053505, -0.0006936816646528353, 0.31706271105708833], [-0.0026888424255343698, 0.01692446614217924, 0.9998531555044535, 0.010903044829413523], [0.0, 0.0, 0.0, 1.0]], [[0.9981486170534355, -0.0583622484212062, 0.01712268184412855, -0.13954515819702012], [0.058382650936101024, 0.9982940372833152, -0.0006936816646528353, 0.22731878145079276], [-0.01705298636565511, 0.0016920649514442247, 0.9998531555044535, 0.010239207576895608], [0.0, 0.0, 0.0, 1.0]], [[0.08893648256816335, -0.9958901123291, 0.01712268184412855, -0.19636025755360959], [0.9960369520303722, 0.08893766916101421, -0.0006936816646528353, 0.31913019993092434], [-0.0008320207020706607, 0.017116517441887844, 0.9998531555044535, 0.011275874573568653], [0.0, 0.0, 0.0, 1.0]], [[0.08893648256816335, -0.9958901123291, 0.01712268184412855, -0.19559163225400625], [0.9960369520303722, 0.08893766916101421, -0.0006936816646528353, 0.3190615580780145], [-0.0008320207020706607, 0.017116517441887844, 0.9998531555044535, 0.011262664091624849], [0.0, 0.0, 0.0, 1.0]], [[-0.9973550065616859, -0.07063854933960625, 0.01712268184412855, -0.2707631924193107], [0.07063703999113374, -0.9975018433000707, -0.0006936816646528353, 0.1953572629359062], [0.017128907368253444, 0.0005176486809776183, 0.9998531555044535, 0.012464167832894025], [0.0, 0.0, 0.0, 1.0]], [[-0.09032450067100445, -0.9957651823321593, 0.01712268184412855, -0.22308169641133352], [0.9959098739146919, -0.09034955365119614, -0.0006936816646528353, 0.3201305868036174], [0.002237770711211961, 0.01698999146648305, 0.9998531555044535, 0.011734178518989613], [0.0, 0.0, 0.0, 1.0]], [[-0.5673408795200439, -0.8233050104255941, 0.01712268184412855, -0.24928941840662389], [0.8234187889706741, -0.5674337113494549, -0.0006936816646528353, 0.30697291203867183], [0.010287098497218839, 0.013705583982291412, 0.9998531555044535, 0.012173862331988151], [0.0, 0.0, 0.0, 1.0]], [[0.050552321501776354, -0.9985746224280113, 0.01712268184412855, -0.19860065230054824], [0.9987213990514804, 0.05054785734728427, -0.0006936816646528353, 0.3192868848977815], [-0.0001728219728940047, 0.017135855985412868, 0.9998531555044535, 0.011314350479489371], [0.0, 0.0, 0.0, 1.0]], [[0.050552321501776354, -0.9985746224280113, 0.01712268184412855, -0.2016834410895456], [0.9987213990514804, 0.05054785734728427, -0.0006936816646528353, 0.31944293569702886], [-0.0001728219728940047, 0.017135855985412868, 0.9998531555044535, 0.011367252109007313], [0.0, 0.0, 0.0, 1.0]], [[0.2090138696502695, -0.9510630163400233, 0.22757930759196304, -0.20671816078752944], [0.872749150229712, 0.2864005600300715, 0.3953272568237326, -0.11013876436137673], [-0.44115997446180016, 0.11599076758379773, 0.8899011286475514, -0.01803537093218846], [0.0, 0.0, 0.0, 1.0]], [[0.2275891609468244, 0.20154065585761857, 0.9526723139967916, -0.2036477158019183], [0.9163465323022391, 0.2866370857259659, -0.279550020254313, -0.09253721269014584], [-0.3294119101629174, 0.9366005259036567, -0.11944558727643216, -0.012874366410182754], [0.0, 0.0, 0.0, 1.0]], [[0.23978942441056014, 0.18685955711402846, 0.9526723139967916, -0.20308686116372388], [0.9325297159229915, 0.2285609658196216, -0.279550020254313, -0.09352354507537178], [-0.26998029717265903, 0.9554283807898691, -0.11944558727643216, -0.00609270169805546], [0.0, 0.0, 0.0, 1.0]], [[0.21023460888577788, -0.2195834041330142, 0.9526723139967919, -0.2124135272078041], [0.3220383274020786, -0.9045126322279227, -0.2795500202543131, -0.1634846713692623], [0.9230886874567992, 0.3655680877339713, -0.11944558727643219, 0.08325658272283687], [0.0, 0.0, 0.0, 1.0]], [[-0.18600517108474168, -0.24045277805368473, 0.9526723139967916, -0.24593825346241555], [-0.8468046110643963, -0.4525193220801624, -0.279550020254313, -0.27293355907493294], [0.49832120866948115, -0.858725057670018, -0.11944558727643216, 0.07202435729911744], [0.0, 0.0, 0.0, 1.0]], [[-0.20627330714195924, -0.22330872106730976, 0.9526723139967916, -0.24828226858524033], [-0.8830541643182004, -0.37691793411311425, -0.279550020254313, -0.2777449538572703], [0.4215052379757619, -0.898924961294982, -0.11944558727643216, 0.06458956776439959], [0.0, 0.0, 0.0, 1.0]], [[-0.20935795926546688, -0.2204193889751936, 0.9526723139967916, -0.24854296082629795], [-0.8882089861528853, -0.36460469428283127, -0.279550020254313, -0.2780212786711724], [0.40896704244897625, -0.9046981319040764, -0.11944558727643216, 0.0631570521134839], [0.0, 0.0, 0.0, 1.0]], [[-0.26249577954994757, 0.15333436621470048, 0.9526723139967916, -0.2445248656742423], [-0.5582685745358896, 0.7811453032960505, -0.279550020254313, -0.22327443005571315], [-0.7870401288397758, -0.6052277152246558, -0.11944558727643216, -0.0329248115587434], [0.0, 0.0, 0.0, 1.0]], [[-0.28825532218227445, -0.0965625775214795, 0.9526723139967916, -0.25064973082585296], [-0.9554895214590864, 0.09429507175721868, -0.279550020254313, -0.26474450762131896], [-0.06283823370750485, -0.9908501945625834, -0.11944558727643216, 0.015281000793153483], [0.0, 0.0, 0.0, 1.0]], [[-0.20155178218006725, -0.22757930759196301, 0.9526723139967916, -0.24783808236560365], [-0.8749675115043049, -0.3953272568237326, -0.279550020254313, -0.27711476879892005], [0.440237132591065, -0.8899011286475512, -0.11944558727643216, 0.06665741868725833], [0.0, 0.0, 0.0, 1.0]], [[0.1156827498900529, 0.28112801980925717, 0.9526723139967919, -0.21614904765523102], [0.6967241143760684, 0.6606264410562876, -0.2795500202543131, -0.12179512979652496], [-0.7079498639202914, 0.6960888893348534, -0.11944558727643219, -0.04410717718297589], [0.0, 0.0, 0.0, 1.0]], [[-0.12701453836806031, 0.2761933547121421, 0.9526723139967919, -0.23544236784950187], [-0.009050207514493203, 0.9600884750478771, -0.2795500202543131, -0.18600086785693196], [-0.9918595670693979, -0.04412879890836685, -0.11944558727643219, -0.0477196724518763], [0.0, 0.0, 0.0, 1.0]], [[-0.19346863086846658, 0.2344895541679407, 0.9526723139967916, -0.239839528295952], [-0.2544567596973474, 0.925798867800204, -0.279550020254313, -0.20265168841718695], [-0.9475345092999028, -0.29649806975085147, -0.11944558727643216, -0.04382095825109405], [0.0, 0.0, 0.0, 1.0]], [[0.03940239886213728, 0.3014347576307477, 0.9526723139967916, -0.22353843157905395], [0.5031482858392036, 0.8177368700461561, -0.279550020254313, -0.14492645048286096], [-0.8633013688283947, 0.4903503831539323, -0.11944558727643216, -0.04890685483048963], [0.0, 0.0, 0.0, 1.0]], [[-0.012456133703729447, 0.3003534341162902, -0.9537466431645808, -0.2334763525785679], [-0.014801463479984959, 0.9536607516895438, 0.3005196954706712, -0.2134473199622141], [0.9998128631959111, 0.01786015961534553, -0.007433255444883749, 0.5402334802265705], [0.0, 0.0, 0.0, 1.0]], [[0.012456133703729364, -0.3003534341162902, -0.9537466431645808, -0.2286881881435111], [0.014801463479984695, -0.9536607516895438, 0.3005196954706712, -0.2117580853059187], [-0.9998128631959111, -0.01786015961534525, -0.007433255444883749, -0.005832439674090251], [0.0, 0.0, 0.0, 1.0]], [[-0.008024974550543726, -0.3005044765652534, -0.953746643164581, -0.23302227348390134], [-0.05017124446673882, -0.9524551217054132, 0.30051969547067126, -0.22550690463382642], [-0.9987083888764137, 0.05026231890163099, -0.007433255444883751, -0.00558647112162558], [0.0, 0.0, 0.0, 1.0]], [[0.03252556297672407, -0.9531944510943553, -0.3006034367002119, -0.2250388596206944], [0.006736756212005706, 0.3009648189061346, -0.9536114480733429, -0.21069299649567838], [0.9994481996926041, 0.028991657140094128, 0.0162104888107691, 0.5581185994586897], [0.0, 0.0, 0.0, 1.0]], [[0.03695635323605514, 0.9530329489579642, -0.30060343670021183, -0.22342845446968002], [-0.02863008024164518, -0.29967569906286917, -0.9536114480733426, -0.22108984690621503], [-0.9989066755512493, 0.04384830203858588, 0.016210488810769096, -0.023632041290292893], [0.0, 0.0, 0.0, 1.0]], [[0.03695635323605514, 0.9530329489579642, -0.30060343670021183, -0.2231079505475996], [-0.02863008024164518, -0.29967569906286917, -0.9536114480733426, -0.2211906275109222], [-0.9989066755512493, 0.04384830203858588, 0.016210488810769096, -0.023617295155025197], [0.0, 0.0, 0.0, 1.0]], [[-0.03134288948221504, 0.7248868512675851, 0.6881545437895993, 0.23363406462530115], [0.04415285937840994, -0.686816577276139, 0.7254884659230633, -0.20119852066303023], [0.9985329980965155, 0.05312289561060432, -0.010479011133156812, 0.5688320564150051], [0.0, 0.0, 0.0, 1.0]], [[0.6881514203146797, 0.004389037536829879, -0.725553829201107, 0.287816116131487], [0.7255019596343442, -0.017562111757782554, 0.6879959874863615, -0.16027345959628764], [-0.009722617220450931, -0.9998361408651456, -0.015269647483721973, 0.4495216179321321], [0.0, 0.0, 0.0, 1.0]], [[0.7672033655441304, -0.002793702437957816, 0.6413978415339794, 0.2937244647857628], [-0.6414014865555643, -0.006099424113341061, 0.7671811585732524, -0.2589523567987449], [0.0017688815878358658, -0.9999774958728689, -0.006471383604336333, 0.07444858732812576], [0.0, 0.0, 0.0, 1.0]], [[0.01545363641127335, -0.7670527973987322, 0.6413978415339794, 0.2437635590119471], [-0.02135227660601383, 0.6410749957797001, 0.7671811585732524, -0.21800208417163494], [-0.999652572349718, -0.025551042813104236, -0.006471383604336333, -0.022677400695517103], [0.0, 0.0, 0.0, 1.0]], [[0.01545363641127335, -0.7670527973987322, 0.6413978415339794, 0.25277138008015987], [-0.02135227660601383, 0.6410749957797001, 0.7671811585732524, -0.22553049534863895], [-0.999652572349718, -0.025551042813104236, -0.006471383604336333, -0.022377344138071242], [0.0, 0.0, 0.0, 1.0]], [[0.01545363641127335, -0.7670527973987322, 0.6413978415339794, 0.2509698158665174], [-0.02135227660601383, 0.6410749957797001, 0.7671811585732524, -0.2240248131132382], [-0.999652572349718, -0.025551042813104236, -0.006471383604336333, -0.02243735544956041], [0.0, 0.0, 0.0, 1.0]], [[-0.7672069871042435, 0.001499271150100864, 0.6413978415339794, 0.19025136383898825], [0.6413902826689698, 0.007181589519109885, 0.7671811585732524, -0.17234388283219573], [-0.0034560434383902956, 0.9999730881168738, -0.006471383604336333, 0.08634183930259184], [0.0, 0.0, 0.0, 1.0]], [[-0.01974548182011303, -0.766954317298784, 0.6413978415339794, 0.23857677866235774], [0.00807475317989052, 0.6413796600230522, 0.7671811585732524, -0.21366554928064424], [-0.999772431260622, 0.020327490879842817, -0.006471383604336333, -0.02265914476551109], [0.0, 0.0, 0.0, 1.0]], [[0.9312285649329854, -0.20342851209132076, -0.30237427192333005, 0.2821598987361314], [0.31114933521759874, 0.8757755403062523, 0.36905730475759235, -0.16670584457698037], [0.18973521298509388, -0.43776025798329776, 0.8788438459043209, 0.027830579974946645], [0.0, 0.0, 0.0, 1.0]], [[-0.05400792928153958, 0.35943660827609236, -0.9316053178281561, 0.23240598053407246], [0.6363072571713948, -0.7066190617199564, -0.3095199122593331, -0.1300256534862145], [-0.7695428630334615, -0.6095037540860497, -0.19054909002479015, -0.04678503072101492], [0.0, 0.0, 0.0, 1.0]], [[0.2532200716584526, 0.26075108265084723, -0.9316053178281561, 0.25385783433047765], [-0.1765949282267855, -0.9343509272428383, -0.3095199122593331, -0.19707726173064843], [-0.9511539447607128, 0.24289342859958116, -0.19054909002479015, -0.04274855473175078], [0.0, 0.0, 0.0, 1.0]], [[0.20205605677530908, 0.3021338804482441, -0.9316053178281559, 0.2506787755313887], [-0.005235031630289488, -0.95087855079332, -0.30951991225933306, -0.18574590525561682], [-0.9793599666946994, 0.06741735627033679, -0.1905490900247901, -0.04561213376506096], [0.0, 0.0, 0.0, 1.0]], [[-0.1043612097962276, 0.34816701406676737, -0.9316053178281559, 0.22728277369092062], [0.7299552324733917, -0.6093954237600507, -0.30951991225933306, -0.1166890614244587], [-0.6754806410805456, -0.7123320488481055, -0.1905490900247901, -0.04340077979367217], [0.0, 0.0, 0.0, 1.0]], [[-0.09516084221628317, 0.350793309376032, -0.9316053178281559, 0.22827882737651886], [0.7136622455809625, -0.628397663225535, -0.30951991225933306, -0.11919823100478424], [-0.6939961191109255, -0.6943057186497161, -0.1905490900247901, -0.044194753472475076], [0.0, 0.0, 0.0, 1.0]], [[0.3529097044071357, 0.08698432232057074, -0.9316053178281559, 0.2606796836399048], [-0.6448102484257514, -0.6988684908050267, -0.30951991225933306, -0.22846721309206822], [-0.677992982309101, 0.7099412371670881, -0.1905490900247901, -0.02511244900860347], [0.0, 0.0, 0.0, 1.0]], [[0.3632103715804366, -0.013775259369680853, -0.9316053178281559, 0.2626847128427146], [-0.8126218524708524, -0.49380476790105543, -0.30951991225933306, -0.24262339093008245], [-0.4557674306740682, 0.8694636814884696, -0.1905490900247901, -0.011920451847744217], [0.0, 0.0, 0.0, 1.0]], [[0.2016961364853994, -0.30237427192333005, -0.9316053178281559, 0.25861301299345746], [-0.8763527427469127, 0.36905730475759224, -0.30951991225933306, -0.2788425433254171], [0.43740660581068813, 0.8788438459043209, -0.1905490900247901, 0.06681918475575505], [0.0, 0.0, 0.0, 1.0]], [[0.21649898538459422, -0.29195842361840163, -0.9316053178281561, 0.2599867462264253], [-0.8936387199672632, 0.3249727097622914, -0.3095199122593331, -0.2798406927090298], [0.3931132502253174, 0.8995293306991227, -0.19054909002479015, 0.06172427679609853], [0.0, 0.0, 0.0, 1.0]], [[0.20440565679298864, -0.30054926262649145, -0.9316053178281559, 0.2588890320017437], [-0.8796343441908685, 0.3611659513781378, -0.30951991225933306, -0.2791369323512849], [0.42949010232009727, 0.8827396537483726, -0.1905490900247901, 0.06594790528408302], [0.0, 0.0, 0.0, 1.0]], [[0.1581090861382259, -0.3272812989995546, -0.9316053178281559, 0.2532655853781323], [-0.8171426814641278, 0.48628722175746086, -0.30951991225933306, -0.26891309424960563], [0.5543278407315929, 0.8101923779452472, -0.1905490900247901, 0.07683408325860848], [0.0, 0.0, 0.0, 1.0]], [[0.19103467373622735, -0.3092204476175435, -0.9316053178281559, 0.257372640199534], [-0.8629572091742921, 0.3993773642172177, -0.30951991225933306, -0.2769465653104324], [0.467771962140326, 0.863064560578242, -0.1905490900247901, 0.06980369096352966], [0.0, 0.0, 0.0, 1.0]], [[0.16441000342363296, -0.3241618154078944, -0.9316053178281561, 0.2540535156149594], [-0.8263959027351763, 0.47039051420866057, -0.3095199122593331, -0.27058227308737637], [0.5385528411555865, 0.8207629874537291, -0.19054909002479015, 0.0756931913694605], [0.0, 0.0, 0.0, 1.0]], [[-0.35290970440713565, -0.08698432232057067, -0.9316053178281559, 0.2135313297416558], [0.6448102484257516, 0.6988684908050266, -0.30951991225933306, -0.14232126297979222], [0.6779929823091008, -0.7099412371670881, -0.1905490900247901, 0.06546667837509905], [0.0, 0.0, 0.0, 1.0]], [[-0.00954565657451765, -0.03259740052767257, 0.9994229784827843, 0.24162851459012827], [-0.9982926134920821, -0.05728718370746165, -0.011403351700987429, -0.19170753734271453], [0.057625847392556745, -0.9978254296527556, -0.031994900384025686, 0.6213736294704081], [0.0, 0.0, 0.0, 1.0]], [[-0.0054411942720211035, -0.03352765254971282, 0.9994229784827843, 0.2424717839656216], [-0.9835451484133696, -0.180302259005556, -0.011403351700987429, -0.16946200473100528], [0.18058054833624002, -0.9830396695515391, -0.031994900384025686, 0.6397862249684675], [0.0, 0.0, 0.0, 1.0]], [[-0.004339066953186078, -0.033688018323669744, 0.9994229784827845, 0.24267288104311635], [-0.9771052233202522, -0.2124508087305486, -0.01140335170098743, -0.1626375202297881], [0.21271237636361529, -0.9765908924883338, -0.03199490038402569, 0.6436355585100761], [0.0, 0.0, 0.0, 1.0]], [[-0.012487655491056055, -0.031587474431122815, 0.9994229784827843, 0.24101561108528446], [-0.9993473023808799, 0.03427729268834039, -0.011403351700987429, -0.19879524741413523], [-0.03389731087262328, -0.9989130586117198, -0.031994900384025686, 0.6047545373884721], [0.0, 0.0, 0.0, 1.0]], [[-0.9887675076804348, -0.04974831153370574, 0.14093942406213647, -0.21970343663895897], [-0.12941815998498563, -0.1867275749333866, -0.9738499641246576, 0.1783173111528182], [0.07476466826999258, -0.9811513228136839, 0.17819182394104424, 0.7487672711351181], [0.0, 0.0, 0.0, 1.0]], [[-0.9891922853638466, -0.04043143976762944, 0.14093942406213647, -0.22169775960184523], [-0.13117148055386757, -0.185500107988403, -0.9738499641246576, 0.16993836648555438], [0.06551843455056384, -0.9818121045366099, 0.17819182394104424, 0.7045522445442178], [0.0, 0.0, 0.0, 1.0]], [[-0.004579189072641222, -0.9999893521973714, -0.0005714186892474352, -0.1390081872640086], [0.9999849941128909, -0.004577449278569406, -0.0030097353943144803, 0.308602913012179], [0.0030070877071791805, -0.0005851922620322788, 0.999995307475759, 0.01127499789903936], [0.0, 0.0, 0.0, 1.0]], [[-0.03161972657542539, 0.9994849021399257, -0.005488468423788257, -0.213290825355128], [-0.9994995472216814, -0.03161417722581695, 0.0010949438289704488, -0.22393502436393767], [0.0009208664122993023, 0.005520343529004353, 0.9999843387835495, 0.011831407735376128], [0.0, 0.0, 0.0, 1.0]], [[0.016430901650322176, 0.9998499398336325, -0.005488468423788256, -0.2083384259049399], [-0.9998643014226929, 0.016437148126157895, 0.0010949438289704486, -0.22394333705140107], [0.0011849942899848584, 0.005469732732065114, 0.9999843387835493, 0.011858598351144431], [0.0, 0.0, 0.0, 1.0]], [[0.005955982216919021, -0.0072358810971074735, 0.9999560831859471, -0.20809584697894126], [0.9675441531045637, -0.2525879905670355, -0.007590705795890101, 0.23219834205684958], [0.25263182315180394, 0.9675468717566378, 0.0054966248680416, 0.036329978475069906], [0.0, 0.0, 0.0, 1.0]], [[-0.007803662401100494, 0.005189850917837944, 0.9999560831859469, -0.21157373525716666], [-0.9991764725892315, -0.0398592249004047, -0.007590705795890099, -0.24192293018013059], [0.03981807977879461, -0.9991918272472956, 0.005496624868041599, 0.01428380439905012], [0.0, 0.0, 0.0, 1.0]], [[-0.008236087150291949, 0.004471975835414217, 0.9999560831859469, -0.21163425495508847], [-0.9916208276733758, -0.1289593552631561, -0.007590705795890099, -0.24056163336019754], [0.12891974632623765, -0.991639796560343, 0.005496624868041599, 0.02717357684148069], [0.0, 0.0, 0.0, 1.0]], [[-0.007768616470327385, 0.005242165349995263, 0.9999560831859469, -0.21159153173328665], [-0.9994217273429467, -0.033145016222063346, -0.007590705795890099, -0.24189152027444322], [0.03310376886364391, -0.9994368052068536, 0.005496624868041599, 0.017564748313094278], [0.0, 0.0, 0.0, 1.0]], [[-0.007378127786466734, 0.005778834639120623, 0.9999560831859469, -0.2115499393639465], [-0.9992613663089961, 0.03767098336649043, -0.007590705795890099, -0.2419465144360567], [-0.03771319441050739, -0.999273487130733, 0.005496624868041599, 0.009922242548998483], [0.0, 0.0, 0.0, 1.0]], [[-0.007034483010455235, 0.006192555869376515, 0.9999560831859469, -0.21148636738227522], [-0.9954549793751779, 0.09493031772139028, -0.007590705795890099, -0.24120771435415966], [-0.09497315455400797, -0.995464658854909, 0.005496624868041599, -0.0006226240046068691], [0.0, 0.0, 0.0, 1.0]], [[-0.006184843534030191, 0.007041264792585052, 0.9999560831859469, -0.2114033487697132], [-0.9751428881669072, 0.22144689847234897, -0.007590705795890099, -0.23770232507095854], [-0.2214906213995576, -0.9751470103256729, 0.005496624868041599, -0.01088466466671748], [0.0, 0.0, 0.0, 1.0]], [[0.008236087150291952, -0.004471975835414213, 0.9999560831859469, -0.2078427007068958], [0.9916208276733758, 0.12895935526315666, -0.007590705795890099, 0.23637312568290375], [-0.1289197463262382, 0.991639796560343, 0.005496624868041599, -0.003957580839433194], [0.0, 0.0, 0.0, 1.0]], [[-0.7250957742116453, 0.6628389524955489, -0.18676359729620354, -0.26359007096725956], [-0.6624770724795424, -0.7454524950771326, -0.07365260363498899, -0.2656450923212679], [-0.18804320423602172, 0.07032140952712132, 0.9796400628306137, 0.39976841841698796], [0.0, 0.0, 0.0, 1.0]], [[-0.06320094056763553, 0.9891578453921005, 0.1325609218835768, 0.06728935612047524], [0.16510252068463488, -0.12063335449930403, 0.9788711618215263, 0.21680693028576759], [0.9842493580261793, 0.08375172046891215, -0.15568831216103313, 0.8460657085015053], [0.0, 0.0, 0.0, 1.0]], [[-0.0490850093099288, 0.9899587182556758, 0.1325609218835768, 0.1567219570798735], [0.163364990519398, -0.12297612949988318, 0.9788711618215263, 0.2057986702506595], [0.9853438697904613, 0.06970371383798363, -0.15568831216103313, 0.8530000745077828], [0.0, 0.0, 0.0, 1.0]], [[0.6245313672337257, -0.7808253618183877, -0.01650229324540453, 0.23038805820347286], [0.7808215262975032, 0.6247008174251866, -0.008162890342352312, 0.28645702920630584], [0.016682787884845413, -0.007787364733197479, 0.9998305064054113, 0.012335539755811562], [0.0, 0.0, 0.0, 1.0]], [[0.6186871365372296, -0.785464131199513, -0.01650229324540453, 0.22783223787258772], [0.7854615602926929, 0.618856610632727, -0.008162890342352312, 0.2884944840949495], [0.016624210836351048, -0.007911641749165652, 0.9998305064054113, 0.01230999004955066], [0.0, 0.0, 0.0, 1.0]], [[-0.678259890407318, 0.3918674259104562, 0.6216135789821244, 0.12840902574395435], [0.5274816870973722, -0.32930814483401905, 0.7831469948374229, 0.30505040992053806], [0.5115922114746886, 0.8590669742553775, 0.016653615287607077, 0.057247796316801124], [0.0, 0.0, 0.0, 1.0]], [[0.7460855613214354, 0.23864805386324206, 0.6216135789821244, 0.27152402795585845], [-0.5984059817104203, -0.16908892787613725, 0.7831469948374229, 0.19168531989284493], [0.2920044798301334, -0.9562719492157999, 0.016653615287607077, 0.046397350140765084], [0.0, 0.0, 0.0, 1.0]], [[0.15817876720344956, 0.7671870932380387, 0.6216135789821244, 0.2322884086841987], [-0.14631797293080137, -0.6043772292819566, 0.7831469948374229, 0.22219803725743337], [0.9765093590966848, -0.21483046500539488, 0.016653615287607077, 0.0760276017175847], [0.0, 0.0, 0.0, 1.0]], [[0.6070238081884767, -0.49509459168667325, 0.6216135789821244, 0.26476223289008705], [-0.46816276723810063, 0.4092730236029213, 0.7831469948374229, 0.19888729693595064], [-0.6421415106223264, -0.7664052044666246, 0.016653615287607077, -0.03988920219047903], [0.0, 0.0, 0.0, 1.0]], [[0.7127540240532331, -0.3249280837677122, 0.6216135789821244, 0.270485443637432], [-0.5566654183229366, 0.27713606138585334, 0.7831469948374229, 0.19413754205017353], [-0.4267379913240362, -0.9042219549748718, 0.016653615287607077, -0.030153733567920657], [0.0, 0.0, 0.0, 1.0]], [[-0.75335128125785, -0.21461222111564404, 0.6216135789821245, 0.12518693935015307], [0.6035180972999361, 0.14982219698221758, 0.7831469948374231, 0.3092807628065314], [-0.26120442809918226, 0.9651398364171027, 0.01665361528760708, -0.02141953639755552], [0.0, 0.0, 0.0, 1.0]], [[0.005645574835018718, -0.017223768311651323, 0.9998357211511942, -0.23018214254822533], [-0.9994838886715354, 0.03152272275698139, 0.006186617493609187, -0.20257868586409764], [-0.03162410110671838, -0.9993546216209405, -0.017036915039378746, 0.599407415498188], [0.0, 0.0, 0.0, 1.0]], [[0.018022314044359784, -0.001930519763616207, 0.9998357211511942, -0.2296273337247375], [-0.4394382122748305, -0.8982515145306957, 0.006186617493609187, -0.11027605199938195], [0.8980920074186094, -0.4394775190345389, -0.017036915039378746, 0.6654850338290059], [0.0, 0.0, 0.0, 1.0]], [[0.018000038064773845, 0.002128224550636845, 0.9998357211511942, -0.22977595403739556], [-0.22854081288496916, -0.9735146750870607, 0.006186617493609187, -0.06970951332513867], [0.9733679137281772, -0.22861462781370046, -0.017036915039378746, 0.6714939714856432], [0.0, 0.0, 0.0, 1.0]], [[0.017861596441336527, -0.0030812469290978865, 0.9998357211511942, -0.2296009676783495], [-0.49608651147210164, -0.8682510575285399, 0.006186617493609187, -0.12024296419953437], [0.8680893597481814, -0.49611551781609675, -0.017036915039378746, 0.6634130766531388], [0.0, 0.0, 0.0, 1.0]], [[0.017434212819924678, 0.004957714536035211, 0.9998357211511942, -0.22993195530695243], [-0.07115598341954428, -0.997446014472756, 0.006186617493609187, -0.036181444172378625], [0.9973128266732297, -0.07125215280252152, -0.017036915039378746, 0.6745138666474488], [0.0, 0.0, 0.0, 1.0]], [[-0.014974435918015946, -0.010212589241151076, 0.9998357211511942, -0.23186432719209785], [-0.2476636871573967, 0.9688263125181886, 0.006186617493609187, -0.09078689551254704], [-0.9687303362301298, -0.2475303601447722, -0.017036915039378746, 0.5412809736866269], [0.0, 0.0, 0.0, 1.0]], [[-0.017425062960390404, -0.004989778642151515, 0.9998357211511945, -0.23225895488383647], [0.06932093173331137, 0.9975752273325624, 0.006186617493609188, -0.02069327286236697], [-0.9974422166744561, 0.06941734596978608, -0.01703691503937875, 0.5435747909200879], [0.0, 0.0, 0.0, 1.0]], [[-0.9861033055597763, 0.16545335388503493, -0.015015273966067569, 0.1545513861155463], [-0.16546072952774513, -0.9862160878158557, -0.0007583649086684856, -0.10248180062096848], [-0.014933778765906347, 0.0017366120412259677, 0.9998869768280758, 0.010480404974048991], [0.0, 0.0, 0.0, 1.0]], [[-0.02430412274640485, 0.9995918422862664, -0.015015273966067569, 0.21953947725035933], [-0.9997039802053052, -0.024318240979489335, -0.0007583649086684856, -0.2341973611709301], [-0.0011232004268610714, 0.014992397753924002, 0.9998869768280758, 0.01135642951899604], [0.0, 0.0, 0.0, 1.0]], [[-0.02430412274640485, 0.9995918422862664, -0.015015273966067569, 0.21861417817373574], [-0.9997039802053052, -0.024318240979489335, -0.0007583649086684856, -0.2341748503370362], [-0.0011232004268610714, 0.014992397753924002, 0.9998869768280758, 0.011342551402737757], [0.0, 0.0, 0.0, 1.0]], [[0.9999934125155516, -0.002204150456536594, -0.0028838596128895593, 0.28400973728972867], [0.002206108937974293, 0.9999973379734434, 0.0006761134376005179, 0.17704652755796096], [0.002882361680236527, -0.0006824710921816211, 0.9999956131025539, 0.01142350751245633], [0.0, 0.0, 0.0, 1.0]], [[0.021103274411464274, -0.9997731418491137, -0.0028838596128895593, 0.2217043144794936], [0.9997771118869632, 0.021101407952604605, 0.0006761134376005179, 0.30540495077520136], [-0.0006151065575866515, -0.0028974850422691417, 0.9999956131025539, 0.01115704139622397], [0.0, 0.0, 0.0, 1.0]], [[0.021103274411464274, -0.9997731418491137, -0.0028838596128895593, 0.23420498206534782], [0.9997771118869632, 0.021101407952604605, 0.0006761134376005179, 0.30514110923418825], [-0.0006151065575866515, -0.0028974850422691417, 0.9999956131025539, 0.01119327011235191], [0.0, 0.0, 0.0, 1.0]], [[0.021103274411464274, -0.9997731418491137, -0.0028838596128895593, 0.22087093664043583], [0.9997771118869632, 0.021101407952604605, 0.0006761134376005179, 0.3054225402112689], [-0.0006151065575866515, -0.0028974850422691417, 0.9999956131025539, 0.011154626148482106], [0.0, 0.0, 0.0, 1.0]], [[-0.024648392589840407, -0.9996920226232028, -0.0028838596128895593, 0.21131225202030426], [0.9996959031341863, -0.024650438684585902, 0.0006761134376005179, 0.30527209292740887], [-0.0007469936145200759, -0.0028663175307745894, 0.9999956131025539, 0.011127161842900935], [0.0, 0.0, 0.0, 1.0]], [[-0.024648392589840407, -0.9996920226232028, -0.0028838596128895593, 0.2088123213580483], [0.9996959031341863, -0.024650438684585902, 0.0006761134376005179, 0.3052104495551391], [-0.0007469936145200759, -0.0028663175307745894, 0.9999956131025539, 0.011119994040296947], [0.0, 0.0, 0.0, 1.0]], [[-0.024648392589840407, -0.9996920226232028, -0.0028838596128895593, 0.217145423565569], [0.9996959031341863, -0.024650438684585902, 0.0006761134376005179, 0.3054159274627049], [-0.0007469936145200759, -0.0028663175307745894, 0.9999956131025539, 0.011143886715643578], [0.0, 0.0, 0.0, 1.0]], [[0.006619934027098375, -0.9999778685788179, 0.0006624394626015608, 0.16366744384815857], [0.9999600051224482, 0.0066158289754446155, -0.0060182192117799295, 0.30814355429274104], [0.006013703433844629, 0.0007022531825589677, 0.9999816709377615, 0.011432608456641387], [0.0, 0.0, 0.0, 1.0]], [[0.00016850978249363365, 0.9999822531560442, -0.00595524788859043, 0.14676987503237815], [0.006013271939055716, -0.005956153580143672, -0.999964181756085, 0.26149785604634596], [-0.9999819059188223, 0.00013269322175056065, -0.006014168892601237, -0.05388424106534375], [0.0, 0.0, 0.0, 1.0]], [[0.00016850978249363365, 0.9999822531560442, -0.00595524788859043, 0.13980550664657787], [0.006013271939055716, -0.005956153580143672, -0.999964181756085, 0.26153933763020765], [-0.9999819059188223, 0.00013269322175056065, -0.006014168892601237, -0.053885165206222906], [0.0, 0.0, 0.0, 1.0]], [[0.00016850978249363365, 0.9999822531560442, -0.00595524788859043, 0.1502520592252804], [0.006013271939055716, -0.005956153580143672, -0.999964181756085, 0.2614771152544151], [-0.9999819059188223, 0.00013269322175056065, -0.006014168892601237, -0.05388377899490417], [0.0, 0.0, 0.0, 1.0]]]