[[[0.23381709166400372, 0.002931826070968102, 0.9722761809494649, -0.21553624029057525], [-0.7645982818352428, -0.6171645119799701, 0.18573484478449442, -0.23443190910553618], [0.6005988969856518, -0.786828678651468, -0.14206194209288878, 0.5866582937973026], [0.0, 0.0, 0.0, 1.0]], [[0.10423374600585732, -0.20931878595078357, 0.9722761809494649, -0.22125642127006284], [-0.8880798550081495, 0.4204958246660534, 0.18573484478449442, -0.2792985956750753], [-0.4477158667305538, -0.8828187284411821, -0.14206194209288878, 0.4888495310958991], [0.0, 0.0, 0.0, 1.0]], [[0.2015477658709991, -0.11856443830564221, 0.9722761809494649, -0.21667419787403383], [-0.9736843108450441, -0.1320660071596449, 0.18573484478449442, -0.27578139565031745], [0.10638308552876491, -0.9841245062095425, -0.14206194209288878, 0.5248088681932518], [0.0, 0.0, 0.0, 1.0]], [[-0.23381287364543946, -0.0032508577307041975, 0.9722761809494649, -0.24684897863914343], [0.763755472952936, 0.6182072022933065, 0.18573484478449442, -0.12962179002741378], [-0.6016719352372178, 0.7860084522170852, -0.14206194209288878, 0.5093839844638545], [0.0, 0.0, 0.0, 1.0]], [[-0.23381709166400372, -0.0029318260709681504, 0.9722761809494649, -0.24687797089179503], [0.7645982818352427, 0.6171645119799702, 0.18573484478449442, -0.1236216243809887], [-0.6005988969856519, 0.7868286786514679, -0.14206194209288878, 0.5170303065000865], [0.0, 0.0, 0.0, 1.0]], [[-0.233031444263481, 0.019374569486821414, 0.9722761809494649, -0.2469037768952708], [0.8199579582396537, 0.5414531504685685, 0.18573484478449442, -0.11040364638341288], [-0.5228434686442345, 0.8405076513065555, -0.14206194209288878, 0.5341351587458117], [0.0, 0.0, 0.0, 1.0]], [[-0.07661089615736527, 0.2209293972025654, 0.9722761809494649, -0.23952260619601265], [0.8270169191161987, -0.5306086909657914, 0.18573484478449442, -0.08357632774193749], [0.556932478928565, 0.8183181646054793, -0.14206194209288878, 0.6197267263615698], [0.0, 0.0, 0.0, 1.0]], [[0.23381287364543946, 0.0032508577307043297, 0.9722761809494649, -0.21557430581207912], [-0.7637554729529357, -0.6182072022933068, 0.18573484478449442, -0.22685785134430314], [0.6016719352372183, -0.7860084522170848, -0.14206194209288878, 0.5963002585812428], [0.0, 0.0, 0.0, 1.0]], [[0.143364382149535, 0.1847313776519994, 0.9722761809494651, -0.21964309441127083], [0.006469761018846831, -0.9825786022630655, 0.18573484478449445, -0.15594481742750255], [0.9896488246460162, -0.020337366731108752, -0.1420619420928888, 0.6611665765525707], [0.0, 0.0, 0.0, 1.0]], [[0.10540762525517096, 0.20873011401421926, 0.9722761809494649, -0.22156886752354063], [0.1941788313715116, -0.9632222738704053, 0.18573484478449442, -0.1449481419167593], [0.975286529172458, 0.16921758367125206, -0.14206194209288878, 0.6623638183307331], [0.0, 0.0, 0.0, 1.0]], [[0.2209293972025655, 0.07661089615736508, 0.9722761809494649, -0.216208267513415], [-0.5306086909657923, -0.8270169191161982, 0.18573484478449442, -0.19257688687376454], [0.8183181646054788, -0.5569324789285657, -0.14206194209288878, 0.6367810775003236], [0.0, 0.0, 0.0, 1.0]], [[-0.0013648592172308205, 0.2338314887213454, 0.9722761809494651, -0.23112657911628878], [0.6120267776044088, -0.7687169771301035, 0.18573484478449445, -0.10888170159611996], [0.7908358620184603, 0.595312559882887, -0.1420619420928888, 0.6441045956781641], [0.0, 0.0, 0.0, 1.0]], [[0.290616837896809, 0.002666935481843197, -0.956835796250326, 0.2605727509863436], [-0.674432473040126, 0.7099202695439313, -0.20286461051561416, -0.21267482649952385], [0.6787360995555192, 0.7042770039876411, 0.20811345178616555, 0.6085533629124007], [0.0, 0.0, 0.0, 1.0]], [[0.25004630881406953, -0.14812866860423546, -0.956835796250326, 0.258849198266893], [-0.2096536596859117, 0.9564994996238377, -0.20286461051561416, -0.15179353978734672], [0.9452630249982079, 0.2513296734507975, 0.20811345178616555, 0.6599748423315017], [0.0, 0.0, 0.0, 1.0]], [[0.2873599155561602, -0.043468815782822495, -0.956835796250326, 0.26050662649362993], [-0.5532741927942494, 0.8079193136620885, -0.20286461051561416, -0.1874927561606667], [0.7818644041772387, 0.5876877101541423, 0.20811345178616555, 0.6327962965927075], [0.0, 0.0, 0.0, 1.0]], [[0.2042949942378436, -0.20670949263002875, -0.956835796250326, 0.2566273035985508], [0.039823574555221175, 0.9783966642982758, -0.20286461051561416, -0.1322269221349347], [0.9780989920447747, 0.003339602767270522, 0.20811345178616555, 0.6688324433139263], [0.0, 0.0, 0.0, 1.0]], [[0.007072573522273086, -0.2905430049369223, -0.956835796250326, 0.24202900979722464], [0.6996138339191219, 0.6851178243115087, -0.20286461051561416, -0.08002522613333767], [0.7144861524849584, -0.6679807849728074, 0.20811345178616555, 0.6525995024988328], [0.0, 0.0, 0.0, 1.0]], [[-0.0011711886506091105, -0.29062671475820867, -0.956835796250326, 0.2412584154388811], [0.7187649304195126, 0.6649984395465764, -0.20286461051561416, -0.07823828053718672], [0.6952521867036293, -0.6879776072442105, 0.20811345178616555, 0.6507984452348313], [0.0, 0.0, 0.0, 1.0]], [[0.29061106917773977, 0.003235040243247861, -0.956835796250326, 0.260565127914237], [-0.6758189660079955, 0.7086005045046413, -0.20286461051561416, -0.2144514560786747], [0.6773580527721323, 0.705602479821601, 0.20811345178616555, 0.6067864934826835], [0.0, 0.0, 0.0, 1.0]], [[0.2131512654968665, 0.19756466544169476, -0.956835796250326, 0.25670114081047263], [-0.976617571553821, 0.07116227042938911, -0.20286461051561416, -0.2729885222028521], [0.028011728782808443, 0.9777035001656922, 0.20811345178616555, 0.531960478328508], [0.0, 0.0, 0.0, 1.0]], [[0.2517693921206264, 0.1451806881276389, -0.956835796250326, 0.25860773590934155], [-0.93629663515665, 0.2866959378761466, -0.20286461051561416, -0.26408272220679196], [0.2448689122480544, 0.946957236098918, 0.20811345178616555, 0.5494075489331258], [0.0, 0.0, 0.0, 1.0]], [[0.28785079054341556, 0.040089666967127166, -0.956835796250326, 0.2603712372477349], [-0.760281515055529, 0.6171045030343059, -0.20286461051561416, -0.23483955180526905], [0.582334903855505, 0.785859307342763, 0.20811345178616555, 0.5860211628809932], [0.0, 0.0, 0.0, 1.0]], [[0.0011711886506090298, 0.29062671475820867, -0.956835796250326, 0.2416239660232167], [-0.7187649304195124, -0.6649984395465767, -0.20286461051561416, -0.25943088742407633], [-0.6952521867036295, 0.6879776072442104, 0.20811345178616555, 0.475856386336141], [0.0, 0.0, 0.0, 1.0]], [[-0.0007859229706259182, 0.9999996911524814, 4.475051216345274e-06, -0.028409850223072096], [-0.9458669426264685, -0.0007448311823031055, 0.32455380458864874, -0.27846000617915373], [0.32455370768416925, 0.00025084148721815327, 0.9458672358777458, 0.43523128827167906], [0.0, 0.0, 0.0, 1.0]], [[0.0007906125785845018, 0.9999996874558134, 4.475051216345274e-06, 0.04697197946161502], [-0.9458669414196637, 0.0007463621399267902, 0.32455380458864874, -0.2784537070625451], [0.32455369981123505, -0.0002608291233419429, 0.9458672358777458, 0.4352287702229306], [0.0, 0.0, 0.0, 1.0]], [[0.00027307510956464665, -0.999640014085484, 0.026828486151074023, 0.011114989898200697], [0.22553030274509303, -0.026075717524637526, -0.9738871287265697, 0.22620510484892598], [0.9742361151043886, 0.006316580938224868, 0.22544199438338822, 0.8477092098590735], [0.0, 0.0, 0.0, 1.0]], [[-0.005538575762084778, -0.9996247078325792, 0.026828486151074023, -0.06536079117604687], [0.22537489388101903, -0.027386451191007296, -0.9738871287265697, 0.22414755971768335], [0.9742563735417117, 0.0006525195731153796, 0.22544199438338822, 0.8479217377578034], [0.0, 0.0, 0.0, 1.0]], [[0.997478273573839, 0.06887603004397246, 0.01712268184412855, -0.14239602159047707], [-0.06887426122516245, 0.9976251074158248, -0.0006936816646528353, 0.18276953331353793], [-0.01712979535317132, -0.00048737967294011896, 0.9998531555044535, 0.010257121637737187], [0.0, 0.0, 0.0, 1.0]], [[0.3804978852738705, -0.9246232600732999, 0.01712268184412855, -0.16175851295775248], [0.9247631314926347, 0.380542598716207, -0.0006936816646528353, 0.3131851272631251], [-0.005874515643731116, 0.016098369288182063, 0.9998531555044535, 0.010679188301602709], [0.0, 0.0, 0.0, 1.0]], [[0.08893648256816335, -0.9958901123291, 0.01712268184412855, -0.19533542382080488], [0.9960369520303722, 0.08893766916101421, -0.0006936816646528353, 0.31903867746037784], [-0.0008320207020706607, 0.017116517441887844, 0.9998531555044535, 0.011258260597643576], [0.0, 0.0, 0.0, 1.0]], [[0.08893648256816335, -0.9958901123291, 0.01712268184412855, -0.19559163225400625], [0.9960369520303722, 0.08893766916101421, -0.0006936816646528353, 0.3190615580780145], [-0.0008320207020706607, 0.017116517441887844, 0.9998531555044535, 0.011262664091624849], [0.0, 0.0, 0.0, 1.0]], [[-0.9973550065616859, -0.07063854933960625, 0.01712268184412855, -0.26991519850278134], [0.07063703999113374, -0.9975018433000707, -0.0006936816646528353, 0.2073319637579546], [0.017128907368253444, 0.0005176486809776183, 0.9998531555044535, 0.012457953620732645], [0.0, 0.0, 0.0, 1.0]], [[-0.39949677863233796, -0.9165746765151486, 0.01712268184412855, -0.24166748728159668], [0.916704102493151, -0.39956614881390357, -0.0006936816646528353, 0.3143042081751638], [0.007477455089207856, 0.01541930910177251, 0.9998531555044535, 0.012048421595722836], [0.0, 0.0, 0.0, 1.0]], [[-0.9471021056316387, -0.3204752958881247, 0.017122681844128552, -0.2654535651300921], [0.32051095586929246, -0.9472445544702279, -0.0006936816646528354, 0.25604190725870934], [0.016441674971508793, 0.004831019759676662, 0.9998531555044537, 0.012415341429313935], [0.0, 0.0, 0.0, 1.0]], [[0.050552321501776354, -0.9985746224280113, 0.01712268184412855, -0.20296793641829441], [0.9987213990514804, 0.05054785734728427, -0.0006936816646528353, 0.31950795686338196], [-0.0001728219728940047, 0.017135855985412868, 0.9998531555044535, 0.011389294454639785], [0.0, 0.0, 0.0, 1.0]], [[0.050552321501776354, -0.9985746224280113, 0.01712268184412855, -0.2009127438922959], [0.9987213990514804, 0.05054785734728427, -0.0006936816646528353, 0.31940392299721704], [-0.0001728219728940047, 0.017135855985412868, 0.9998531555044535, 0.011354026701627822], [0.0, 0.0, 0.0, 1.0]], [[-0.9974782735738389, -0.06887603004397266, 0.01712268184412855, -0.2716909534937886], [0.06887426122516264, -0.9976251074158248, -0.0006936816646528353, 0.18210502711340676], [0.01712979535317132, 0.00048737967294012243, 0.9998531555044535, 0.012470861740557447], [0.0, 0.0, 0.0, 1.0]], [[0.9973550065616859, 0.07063854933960682, 0.01712268184412855, -0.14298881679804354], [-0.07063703999113431, 0.9975018433000706, -0.0006936816646528353, 0.1743074737693709], [-0.017128907368253444, -0.000517648680977628, 0.9998531555044535, 0.010261402534550216], [0.0, 0.0, 0.0, 1.0]], [[0.23158530158635698, 0.1969358023142432, 0.9526723139967916, -0.20344284015443304], [0.9219107635223657, 0.2682020325751129, -0.279550020254313, -0.09276963720232725], [-0.3105620585177217, 0.9430185361324684, -0.11944558727643216, -0.010696356822794593], [0.0, 0.0, 0.0, 1.0]], [[0.21732006641857277, -0.21257340114846385, 0.9526723139967916, -0.2119162102328452], [0.3515172676761738, -0.8934693037263733, -0.279550020254313, -0.16145529582174223], [0.9106083676626877, 0.39563259777587073, -0.11944558727643216, 0.08247353276493066], [0.0, 0.0, 0.0, 1.0]], [[0.21732006641857277, -0.21257340114846385, 0.9526723139967916, -0.2119162102328452], [0.3515172676761738, -0.8934693037263733, -0.279550020254313, -0.16145529582174223], [0.9106083676626877, 0.39563259777587073, -0.11944558727643216, 0.08247353276493066], [0.0, 0.0, 0.0, 1.0]], [[-0.20155178218006725, -0.22757930759196301, 0.9526723139967916, -0.24783808236560365], [-0.8749675115043049, -0.3953272568237326, -0.279550020254313, -0.27711476879892005], [0.440237132591065, -0.8899011286475512, -0.11944558727643216, 0.06665741868725833], [0.0, 0.0, 0.0, 1.0]], [[-0.2692304957002854, -0.14117507686903236, 0.9526723139967916, -0.2509151639263509], [-0.9583254395152754, -0.05885692952973026, -0.279550020254313, -0.27154982686509516], [0.09553686284797636, -0.9882335045511033, -0.11944558727643216, 0.02909110800585821], [0.0, 0.0, 0.0, 1.0]], [[-0.2944630276345564, -0.0755446060304048, 0.9526723139967916, -0.2503804294040419], [-0.9462132541056674, 0.1628872736912776, -0.279550020254313, -0.26145172149113866], [-0.1340596998021944, -0.9837483156626669, -0.11944558727643216, 0.00972246626839841], [0.0, 0.0, 0.0, 1.0]], [[-0.25242134956327267, -0.16940756898277803, 0.9526723139967916, -0.25071001761182254], [-0.9463755140880935, -0.16194188003820986, -0.279550020254313, -0.27537291297403976], [0.2016354349293617, -0.9721501442992413, -0.11944558727643216, 0.03967484778381579], [0.0, 0.0, 0.0, 1.0]], [[-0.24973512199641107, 0.17334310192631336, 0.9526723139967916, -0.24366877327172137], [-0.4956343808841923, 0.8223128034156811, -0.279550020254313, -0.21904281673066464], [-0.831852708913652, -0.5419906109456207, -0.11944558727643216, -0.036000455196970385], [0.0, 0.0, 0.0, 1.0]], [[-0.2566615308121212, -0.16291200307275452, 0.9526723139967916, -0.25079520495489327], [-0.9501992956427866, -0.13774282099538168, -0.279550020254313, -0.27455914428320216], [0.17676582577277533, -0.9769782978751664, -0.11944558727643216, 0.03709087055795058], [0.0, 0.0, 0.0, 1.0]], [[0.03940239886213728, 0.3014347576307477, 0.9526723139967916, -0.22353843157905395], [0.5031482858392036, 0.8177368700461561, -0.279550020254313, -0.14492645048286096], [-0.8633013688283947, 0.4903503831539323, -0.11944558727643216, -0.04890685483048963], [0.0, 0.0, 0.0, 1.0]], [[-0.012456133703729447, 0.3003534341162902, -0.9537466431645808, -0.23326034584806968], [-0.014801463479984959, 0.9536607516895438, 0.3005196954706712, -0.21276147083389294], [0.9998128631959111, 0.01786015961534553, -0.007433255444883749, 0.5402463248098064], [0.0, 0.0, 0.0, 1.0]], [[0.012456133703729364, -0.3003534341162902, -0.9537466431645808, -0.22912020160450777], [0.014801463479984695, -0.9536607516895438, 0.3005196954706712, -0.21312978356256182], [-0.9998128631959111, -0.01786015961534525, -0.007433255444883749, -0.005858128840562027], [0.0, 0.0, 0.0, 1.0]], [[-0.008024974550543726, -0.3005044765652534, -0.953746643164581, -0.23237392741447177], [-0.05017124446673882, -0.9524551217054132, 0.30051969547067126, -0.22345195842628912], [-0.9987083888764137, 0.05026231890163099, -0.007433255444883751, -0.005694913356073306], [0.0, 0.0, 0.0, 1.0]], [[0.03252556297672407, -0.9531944510943553, -0.3006034367002119, -0.2250388596206944], [0.006736756212005706, 0.3009648189061346, -0.9536114480733429, -0.21069299649567838], [0.9994481996926041, 0.028991657140094128, 0.0162104888107691, 0.5581185994586897], [0.0, 0.0, 0.0, 1.0]], [[0.03252556297672407, -0.9531944510943553, -0.3006034367002119, -0.22856500020645734], [0.006736756212005706, 0.3009648189061346, -0.9536114480733429, -0.20957964101861565], [0.9994481996926041, 0.028991657140094128, 0.0162104888107691, 0.5582258479416964], [0.0, 0.0, 0.0, 1.0]], [[0.03695635323605514, 0.9530329489579642, -0.30060343670021183, -0.2231079505475996], [-0.02863008024164518, -0.29967569906286917, -0.9536114480733426, -0.2211906275109222], [-0.9989066755512493, 0.04384830203858588, 0.016210488810769096, -0.023617295155025197], [0.0, 0.0, 0.0, 1.0]], [[-0.03134288948221504, 0.7248868512675851, 0.6881545437895993, 0.23317028500319012], [0.04415285937840994, -0.686816577276139, 0.7254884659230633, -0.20075909824543262], [0.9985329980965155, 0.05312289561060432, -0.010479011133156812, 0.5687980686051717], [0.0, 0.0, 0.0, 1.0]], [[0.7672033655441304, -0.002793702437957816, 0.6413978415339794, 0.2937814841936115], [-0.6414014865555643, -0.006099424113341061, 0.7671811585732524, -0.25882786768120863], [0.0017688815878358658, -0.9999774958728689, -0.006471383604336333, 0.09485810693262389], [0.0, 0.0, 0.0, 1.0]], [[0.01545363641127335, -0.7670527973987322, 0.6413978415339794, 0.24676616603468468], [-0.02135227660601383, 0.6410749957797001, 0.7671811585732524, -0.22051155456396962], [-0.999652572349718, -0.025551042813104236, -0.006471383604336333, -0.02257738184303515], [0.0, 0.0, 0.0, 1.0]], [[0.01545363641127335, -0.7670527973987322, 0.6413978415339794, 0.24436408041649443], [-0.02135227660601383, 0.6410749957797001, 0.7671811585732524, -0.21850397825010173], [-0.999652572349718, -0.025551042813104236, -0.006471383604336333, -0.022657396925020723], [0.0, 0.0, 0.0, 1.0]], [[0.01545363641127335, -0.7670527973987322, 0.6413978415339794, 0.24616564463013735], [-0.02135227660601383, 0.6410749957797001, 0.7671811585732524, -0.22000966048550283], [-0.999652572349718, -0.025551042813104236, -0.006471383604336333, -0.022597385613531557], [0.0, 0.0, 0.0, 1.0]], [[-0.7672069871042435, 0.001499271150100864, 0.6413978415339794, 0.19022688376494118], [0.6413902826689698, 0.007181589519109885, 0.7671811585732524, -0.17246114370471471], [-0.0034560434383902956, 0.9999730881168738, -0.006471383604336333, 0.07001429558875887], [0.0, 0.0, 0.0, 1.0]], [[-0.01974548182011303, -0.766954317298784, 0.6413978415339794, 0.2379763343573375], [0.00807475317989052, 0.6413796600230522, 0.7671811585732524, -0.21316341668222166], [-0.999772431260622, 0.020327490879842817, -0.006471383604336333, -0.022643230485013766], [0.0, 0.0, 0.0, 1.0]], [[-0.01974548182011303, -0.766954317298784, 0.6413978415339794, 0.23857677866235774], [0.00807475317989052, 0.6413796600230522, 0.7671811585732524, -0.21366554928064424], [-0.999772431260622, 0.020327490879842817, -0.006471383604336333, -0.02265914476551109], [0.0, 0.0, 0.0, 1.0]], [[-0.931978847967244, 0.19996306314038378, -0.30237427192333005, 0.19031473982818287], [-0.30788941856095803, -0.8769269135699148, 0.36905730475759235, -0.19653231427887993], [-0.1913623078870137, 0.43705144049214406, 0.8788438459043209, 0.008755591154143632], [0.0, 0.0, 0.0, 1.0]], [[0.9312285649329854, -0.20342851209132076, -0.30237427192333005, 0.2820114299853383], [0.31114933521759874, 0.8757755403062523, 0.36905730475759235, -0.16606667507656128], [0.18973521298509388, -0.43776025798329776, 0.8788438459043209, 0.027511088287269825], [0.0, 0.0, 0.0, 1.0]], [[-0.09516084221628317, 0.350793309376032, -0.9316053178281559, 0.22827882737651886], [0.7136622455809625, -0.628397663225535, -0.30951991225933306, -0.11919823100478424], [-0.6939961191109255, -0.6943057186497161, -0.1905490900247901, -0.044194753472475076], [0.0, 0.0, 0.0, 1.0]], [[0.18769263299396455, 0.31126035294282783, -0.9316053178281559, 0.24980129575517457], [0.03927841763294598, -0.9500813806317998, -0.30951991225933306, -0.18273739158918076], [-0.9814421436987739, 0.02150262455328744, -0.1905490900247901, -0.04620898815173785], [0.0, 0.0, 0.0, 1.0]], [[-0.12155238366286718, 0.34254423045816434, -0.9316053178281561, 0.22534802200436016], [0.7593672409739523, -0.5723275436763311, -0.3095199122593331, -0.1119423777097403], [-0.6392076433847479, -0.745053443002072, -0.19054909002479015, -0.04165198197505804], [0.0, 0.0, 0.0, 1.0]], [[0.3516797793644415, -0.09183062985996865, -0.9316053178281559, 0.26376571894557077], [-0.9000368481742764, -0.3068079135933255, -0.30951991225933306, -0.2536244145130171], [-0.2574004753583265, 0.9473310084527119, -0.1905490900247901, 0.0006640470853931865], [0.0, 0.0, 0.0, 1.0]], [[0.2873243867590741, -0.22261228305693911, -0.9316053178281559, 0.26375638705315707], [-0.9482038928266987, 0.07146188874686615, -0.30951991225933306, -0.2733452427936779], [0.1354772098982583, 0.9722844079223465, -0.1905490900247901, 0.03274335367727589], [0.0, 0.0, 0.0, 1.0]], [[0.2873243867590741, -0.22261228305693911, -0.9316053178281559, 0.26375638705315707], [-0.9482038928266987, 0.07146188874686615, -0.30951991225933306, -0.2733452427936779], [0.1354772098982583, 0.9722844079223465, -0.1905490900247901, 0.03274335367727589], [0.0, 0.0, 0.0, 1.0]], [[0.2754420645966611, -0.23715649020220714, -0.9316053178281559, 0.26339609322792784], [-0.9432468171031763, 0.12034477944515162, -0.30951991225933306, -0.27542591895312535], [0.18551849254307837, 0.9639885545042888, -0.1905490900247901, 0.03788461331671575], [0.0, 0.0, 0.0, 1.0]], [[0.2933009520120095, -0.21467669492320235, -0.9316053178281559, 0.2638997532477746], [-0.9498027378195724, 0.04552123839945088, -0.30951991225933306, -0.272162618987533], [0.10885453954380492, 0.9756237663727912, -0.1905490900247901, 0.03012142393753678], [0.0, 0.0, 0.0, 1.0]], [[0.17039078325589524, -0.32105842579777183, -0.9316053178281561, 0.25480467779126964], [-0.8349735957861304, 0.4549906793055818, -0.3095199122593331, -0.2721262798390083], [0.5232457121863711, 0.8306051823636198, -0.19054909002479015, 0.07452873635327464], [0.0, 0.0, 0.0, 1.0]], [[-0.3435543959642444, -0.11866721875877916, -0.9316053178281559, 0.21432897200410997], [0.5786937341183249, 0.7545269948829957, -0.30951991225933306, -0.14702873300109842], [0.7396512280161729, -0.6454510865936256, -0.1905490900247901, 0.06921357600887149], [0.0, 0.0, 0.0, 1.0]], [[-0.3257594739106264, -0.16122126705795597, -0.9316053178281559, 0.21558706456064822], [0.4784768353693465, 0.8217404346446087, -0.30951991225933306, -0.1537878630350644], [0.8154389512234546, -0.5465806080701338, -0.1905490900247901, 0.0740419360863288], [0.0, 0.0, 0.0, 1.0]], [[0.013226840020877524, -0.03128515276712346, 0.9994229784827845, 0.24450192571800805], [-0.7369460354577533, -0.675855387189511, -0.01140335170098743, -0.07786688890542776], [0.6758221596885989, -0.7363699714296165, -0.03199490038402569, 0.6705560972057347], [0.0, 0.0, 0.0, 1.0]], [[0.00043690054154358997, -0.03396349803122374, 0.9994229784827843, 0.24339386962774873], [-0.9375661170459145, -0.34762010836174373, -0.011403351700987429, -0.13407816104241874], [0.347806821792448, -0.937020139092033, -0.031994900384025686, 0.6559781548862831], [0.0, 0.0, 0.0, 1.0]], [[-0.012487655491056055, -0.031587474431122815, 0.9994229784827843, 0.24101561108528446], [-0.9993473023808799, 0.03427729268834039, -0.011403351700987429, -0.19879524741413523], [-0.03389731087262328, -0.9989130586117198, -0.031994900384025686, 0.6047545373884721], [0.0, 0.0, 0.0, 1.0]], [[-0.00914100816617108, -0.03271317854177631, 0.9994229784827843, 0.24171569058145942], [-0.9975061251664459, -0.06965266560158934, -0.011403351700987429, -0.18995899159507318], [0.06998551439497483, -0.9970347807996907, -0.031994900384025686, 0.6234735393303021], [0.0, 0.0, 0.0, 1.0]], [[-0.0011060499327135466, -0.033948295010890965, 0.9994229784827843, 0.24318653570828377], [-0.952386335313402, -0.3046805406951551, -0.011403351700987429, -0.14292708183494413], [0.3048918578149551, -0.9518494005816055, -0.031994900384025686, 0.6526555339034126], [0.0, 0.0, 0.0, 1.0]], [[-0.9887675076804348, -0.04974831153370574, 0.14093942406213647, -0.2186548067929871], [-0.12941815998498563, -0.1867275749333866, -0.9738499641246576, 0.18225328610562513], [0.07476466826999258, -0.9811513228136839, 0.17819182394104424, 0.7694486677252345], [0.0, 0.0, 0.0, 1.0]], [[-0.9891922853638466, -0.04043143976762944, 0.14093942406213647, -0.2218042898868661], [-0.13117148055386757, -0.185500107988403, -0.9738499641246576, 0.16944960379273472], [0.06551843455056384, -0.9818121045366099, 0.17819182394104424, 0.7019653289178062], [0.0, 0.0, 0.0, 1.0]], [[0.0032295586343303396, 0.9999946217013914, -0.0005714186892474352, -0.13863682078811784], [-0.9999902612727833, 0.0032278247236909884, -0.0030097353943144803, 0.21348858862463882], [-0.0030078747676860647, 0.0005811332412864521, 0.999995307475759, 0.010988939813834257], [0.0, 0.0, 0.0, 1.0]], [[-0.03161972657542539, 0.9994849021399257, -0.005488468423788257, -0.2131554867342679], [-0.9994995472216814, -0.03161417722581695, 0.0010949438289704488, -0.2239393051881264], [0.0009208664122993023, 0.005520343529004353, 0.9999843387835495, 0.011832155236092037], [0.0, 0.0, 0.0, 1.0]], [[0.016430901650322176, 0.9998499398336325, -0.005488468423788256, -0.2098276944551533], [-0.9998643014226929, 0.016437148126157895, 0.0010949438289704486, -0.22396782005308385], [0.0011849942899848584, 0.005469732732065114, 0.9999843387835493, 0.011850451227649786], [0.0, 0.0, 0.0, 1.0]], [[0.00618484353403019, -0.007041264792585052, 0.9999560831859469, -0.20807360689227108], [0.9751428881669071, -0.22144689847234908, -0.007590705795890099, 0.23351381739366475], [0.22149062139955772, 0.9751470103256727, 0.005496624868041599, 0.03410066066876497], [0.0, 0.0, 0.0, 1.0]], [[-0.007803662401100494, 0.005189850917837944, 0.9999560831859469, -0.2115762533280738], [-0.9991764725892315, -0.0398592249004047, -0.007590705795890099, -0.24190359082796203], [0.03981807977879461, -0.9991918272472956, 0.005496624868041599, 0.014768603656419799], [0.0, 0.0, 0.0, 1.0]], [[-0.008847634037820719, -0.0030904807639797905, 0.9999560831859469, -0.21127852319125015], [-0.5712017920281415, -0.8207745695191584, -0.007590705795890099, -0.16306823955993716], [0.8207619826452566, -0.571243866452225, 0.005496624868041599, 0.06947470122457648], [0.0, 0.0, 0.0, 1.0]], [[-0.00936126936079647, -0.00044534859867990245, 0.9999560831859469, -0.2115276996378938], [-0.7811258030477221, -0.6243275270229334, -0.007590705795890099, -0.20328831573494172], [0.62430348905721, -0.7811625571326714, 0.005496624868041599, 0.05926238674571547], [0.0, 0.0, 0.0, 1.0]], [[-0.007378127786466734, 0.005778834639120623, 0.9999560831859469, -0.21154433168248812], [-0.9992613663089961, 0.03767098336649043, -0.007590705795890099, -0.24190995916356056], [-0.03771319441050739, -0.999273487130733, 0.005496624868041599, 0.008952564792916735], [0.0, 0.0, 0.0, 1.0]], [[-0.003925776593872115, 0.008509992805798295, 0.9999560831859471, -0.2111707679308762], [-0.8718303874136728, 0.48974907531065887, -0.007590705795890101, -0.21956722361877393], [-0.4897921639432998, -0.8718218988158074, 0.0054966248680416, -0.028152061879368917], [0.0, 0.0, 0.0, 1.0]], [[0.008740332565591981, -0.0033820535274571234, 0.9999560831859471, -0.20782176258042173], [0.9669886780618802, 0.25470625764919447, -0.007590705795890101, 0.23214366250007645], [-0.2546693995885263, 0.9670125562929779, 0.0054966248680416, -0.013607469435990211], [0.0, 0.0, 0.0, 1.0]], [[-0.6027325321919315, 0.7757788688553484, -0.18676359729620354, -0.25386345332762705], [-0.7788602417108521, -0.6228579435632978, -0.07365260363498899, -0.2742506631956433], [-0.1734653236806003, 0.10106992024146377, 0.9796400628306137, 0.4009757551155523], [0.0, 0.0, 0.0, 1.0]], [[-0.06320094056763553, 0.9891578453921005, 0.1325609218835768, 0.09696116781624321], [0.16510252068463488, -0.12063335449930403, 0.9788711618215263, 0.2131882862082763], [0.9842493580261793, 0.08375172046891215, -0.15568831216103313, 0.8485780125695837], [0.0, 0.0, 0.0, 1.0]], [[-0.0490850093099288, 0.9899587182556758, 0.1325609218835768, 0.1686002912856829], [0.163364990519398, -0.12297612949988318, 0.9788711618215263, 0.20432310208948368], [0.9853438697904613, 0.06970371383798363, -0.15568831216103313, 0.8538364366641893], [0.0, 0.0, 0.0, 1.0]], [[0.6245313672337257, -0.7808253618183877, -0.01650229324540453, 0.23028393067868944], [0.7808215262975032, 0.6247008174251866, -0.008162890342352312, 0.2865403366307691], [0.016682787884845413, -0.007787364733197479, 0.9998305064054113, 0.012334501266215929], [0.0, 0.0, 0.0, 1.0]], [[0.6186871365372296, -0.785464131199513, -0.01650229324540453, 0.22699426882303814], [0.7854615602926929, 0.618856610632727, -0.008162890342352312, 0.28915470862363346], [0.016624210836351048, -0.007911641749165652, 0.9998305064054113, 0.012301549548382517], [0.0, 0.0, 0.0, 1.0]], [[-0.678259890407318, 0.3918674259104562, 0.6216135789821244, 0.12840902574395435], [0.5274816870973722, -0.32930814483401905, 0.7831469948374229, 0.30505040992053806], [0.5115922114746886, 0.8590669742553775, 0.016653615287607077, 0.057247796316801124], [0.0, 0.0, 0.0, 1.0]], [[0.7094425734067481, 0.33209606059549246, 0.6216135789821244, 0.26965337896008706], [-0.5718704647034143, -0.24422316859179122, 0.7831469948374229, 0.1930268066758539], [0.4118924697514047, -0.9110802656516827, 0.016653615287607077, 0.05313699631457266], [0.0, 0.0, 0.0, 1.0]], [[0.3918674259104563, 0.6782598904073182, 0.6216135789821245, 0.2512284404608261], [-0.3293081448340191, -0.5274816870973723, 0.7831469948374231, 0.2072492041813311], [0.8590669742553777, -0.5115922114746887, 0.01665361528760708, 0.07204965232433377], [0.0, 0.0, 0.0, 1.0]], [[0.6517593005379727, -0.4345185526387646, 0.6216135789821245, 0.2672443220140157], [-0.5052990741180412, 0.362427413660396, 0.7831469948374231, 0.19684802094442866], [-0.5655817004268286, -0.8245241034925234, 0.01665361528760708, -0.03663750219672641], [0.0, 0.0, 0.0, 1.0]], [[0.678259890407318, -0.3918674259104562, 0.6216135789821244, 0.26867241201385084], [-0.5274816870973722, 0.32930814483401905, 0.7831469948374229, 0.1956630295628728], [-0.5115922114746886, -0.8590669742553775, 0.016653615287607077, -0.03421746890235774], [0.0, 0.0, 0.0, 1.0]], [[-0.6611505580503209, -0.42009105919405565, 0.6216135789821245, 0.12994161868205528], [0.5359448504761907, 0.3153472716310815, 0.7831469948374231, 0.30580850989531977], [-0.5250171967067394, 0.8509286693137382, 0.01665361528760708, -0.03560797534036162], [0.0, 0.0, 0.0, 1.0]], [[0.0279136853229043, 0.9994583701373886, 0.017429645263422333, -0.21692057129042636], [-0.9971064745942773, 0.029072895030690354, -0.0702384872894229, -0.18412407852136028], [-0.07070717427436794, -0.015418597110286127, 0.9973779435947463, 0.5978355510067739], [0.0, 0.0, 0.0, 1.0]], [[0.005645574835018718, -0.017223768311651323, 0.9998357211511942, -0.23018980122546231], [-0.9994838886715354, 0.03152272275698139, 0.006186617493609187, -0.20256466904995693], [-0.03162410110671838, -0.9993546216209405, -0.017036915039378746, 0.5989630450007561], [0.0, 0.0, 0.0, 1.0]], [[0.018099410871199397, 0.0009705854865749296, 0.9998357211511942, -0.22972362316453923], [-0.29044455066125185, -0.9568718246218619, 0.006186617493609187, -0.0823808216326321], [0.9567206354612089, -0.2905088108967471, -0.017036915039378746, 0.6699637495187556], [0.0, 0.0, 0.0, 1.0]], [[0.008727507371662908, -0.015885884462276897, 0.9998357211511942, -0.2298918718192682], [-0.9881308922045041, -0.1534896271254788, 0.006186617493609187, -0.20033812662069878], [0.15336613213551525, -0.9880225569488446, -0.017036915039378746, 0.6172559829133417], [0.0, 0.0, 0.0, 1.0]], [[0.008213855661629953, -0.01615745293173248, 0.9998357211511945, -0.22992686898303186], [-0.9925427912507464, -0.12173961269925791, 0.006186617493609188, -0.20111858868782875], [0.12161965347487004, -0.9924305534467356, -0.01703691503937875, 0.6149187150068316], [0.0, 0.0, 0.0, 1.0]], [[0.017434212819924678, 0.004957714536035211, 0.9998357211511942, -0.2299414918560379], [-0.07115598341954428, -0.997446014472756, 0.006186617493609187, -0.034262779269835786], [0.9973128266732297, -0.07125215280252152, -0.017036915039378746, 0.6746509256990959], [0.0, 0.0, 0.0, 1.0]], [[-0.01707516501500685, -0.006080250799229166, 0.9998357211511942, -0.2321675254062833], [0.006183422833729094, 0.999961744791293, 0.006186617493609187, -0.03867564562047182], [-0.9998350884129691, 0.0062880445427323794, -0.017036915039378746, 0.5424105188548582], [0.0, 0.0, 0.0, 1.0]], [[-0.017425062960390404, -0.004989778642151515, 0.9998357211511945, -0.23225655532711528], [0.06932093173331137, 0.9975752273325624, 0.006186617493609188, -0.02117300122574541], [-0.9974422166744561, 0.06941734596978608, -0.01703691503937875, 0.5435414085055494], [0.0, 0.0, 0.0, 1.0]], [[-0.7977499953008239, 0.6028013657460135, -0.015015273966067569, 0.16118583037772666], [-0.6028600710976209, -0.7978465764536666, -0.0007583649086684856, -0.18552272125338543], [-0.012437028331020093, 0.008447123528407159, 0.9998869768280758, 0.010517051794006917], [0.0, 0.0, 0.0, 1.0]], [[-0.02430412274640485, 0.9995918422862664, -0.015015273966067569, 0.21923104422481815], [-0.9997039802053052, -0.024318240979489335, -0.0007583649086684856, -0.23418985755963212], [-0.0011232004268610714, 0.014992397753924002, 0.9998869768280758, 0.011351803480243278], [0.0, 0.0, 0.0, 1.0]], [[-0.02430412274640485, 0.9995918422862664, -0.015015273966067569, 0.21614671396940613], [-0.9997039802053052, -0.024318240979489335, -0.0007583649086684856, -0.23411482144665238], [-0.0011232004268610714, 0.014992397753924002, 0.9998869768280758, 0.01130554309271567], [0.0, 0.0, 0.0, 1.0]], [[0.9404011191214403, 0.3397355982273076, -0.015015273966067569, 0.2850000564475717], [-0.3397845159244721, 0.9405030077679909, -0.0007583649086684856, -0.14393553867748765], [0.013864266771625873, 0.00581512480484787, 0.9998869768280758, 0.012407908289857031], [0.0, 0.0, 0.0, 1.0]], [[-0.002885216963476206, 0.0017708134140533183, 0.9999942698550459, 0.2190674463870607], [0.0014421462913536374, -0.9999973848268678, 0.001774979858905166, 0.19570903471855805], [0.9999947978550429, 0.0014472592296450849, 0.002882655646136566, 0.058143232101466116], [0.0, 0.0, 0.0, 1.0]], [[0.9999934125155516, -0.002204150456536594, -0.0028838596128895593, 0.2839160655641072], [0.002206108937974293, 0.9999973379734434, 0.0006761134376005179, 0.219544296250205], [0.002882361680236527, -0.0006824710921816211, 0.9999956131025539, 0.011394503936633363], [0.0, 0.0, 0.0, 1.0]], [[0.9999934125155516, -0.002204150456536594, -0.0028838596128895593, 0.2839963556146399], [0.002206108937974293, 0.9999973379734434, 0.0006761134376005179, 0.1831176373711364], [0.002882361680236527, -0.0006824710921816211, 0.9999956131025539, 0.011419364144481622], [0.0, 0.0, 0.0, 1.0]], [[0.021103274411464274, -0.9997731418491137, -0.0028838596128895593, 0.23337160422629127], [0.9997771118869632, 0.021101407952604605, 0.0006761134376005179, 0.30515869867025575], [-0.0006151065575866515, -0.0028974850422691417, 0.9999956131025539, 0.01119085486461005], [0.0, 0.0, 0.0, 1.0]], [[0.021103274411464274, -0.9997731418491137, -0.0028838596128895593, 0.23420498206534782], [0.9997771118869632, 0.021101407952604605, 0.0006761134376005179, 0.30514110923418825], [-0.0006151065575866515, -0.0028974850422691417, 0.9999956131025539, 0.01119327011235191], [0.0, 0.0, 0.0, 1.0]], [[0.021103274411464274, -0.9997731418491137, -0.0028838596128895593, 0.22753795935289184], [0.9997771118869632, 0.021101407952604605, 0.0006761134376005179, 0.3052818247227286], [-0.0006151065575866515, -0.0028974850422691417, 0.9999956131025539, 0.011173948130417008], [0.0, 0.0, 0.0, 1.0]], [[-0.9999949413225011, 0.0013418953539705535, -0.0028838596128895593, 0.1544378065292074], [-0.0013438504499150166, -0.9999988684676536, 0.0006761134376005179, 0.19502993936926583], [-0.002882949076228452, 0.0006799854933989577, 0.9999956131025539, 0.011037679735405525], [0.0, 0.0, 0.0, 1.0]], [[-0.024648392589840407, -0.9996920226232028, -0.0028838596128895593, 0.20631239069579232], [0.9996959031341863, -0.024650438684585902, 0.0006761134376005179, 0.3051488061828693], [-0.0007469936145200759, -0.0028663175307745894, 0.9999956131025539, 0.011112826237692958], [0.0, 0.0, 0.0, 1.0]], [[-0.024648392589840407, -0.9996920226232028, -0.0028838596128895593, 0.20297914981278356], [0.9996959031341863, -0.024650438684585902, 0.0006761134376005179, 0.305066615019843], [-0.0007469936145200759, -0.0028663175307745894, 0.9999956131025539, 0.011103269167554304], [0.0, 0.0, 0.0, 1.0]], [[-0.024648392589840407, -0.9996920226232028, -0.0028838596128895593, 0.20214583959203197], [0.9996959031341863, -0.024650438684585902, 0.0006761134376005179, 0.30504606722908645], [-0.0007469936145200759, -0.0028663175307745894, 0.9999956131025539, 0.011100879900019643], [0.0, 0.0, 0.0, 1.0]], [[0.0014933882502821917, -0.9999811522294405, -0.00595524788859043, 0.1364095121908448], [-0.0060231623289166885, 0.005946151733921029, -0.999964181756085, 0.2607770502944774], [0.9999807454681783, 0.0015292041844795017, -0.006014168892601237, 0.0762215934701633], [0.0, 0.0, 0.0, 1.0]], [[0.00016850978249363365, 0.9999822531560442, -0.00595524788859043, 0.12935895406787531], [0.006013271939055716, -0.005956153580143672, -0.999964181756085, 0.26160156000600027], [-0.9999819059188223, 0.00013269322175056065, -0.006014168892601237, -0.05388655141754165], [0.0, 0.0, 0.0, 1.0]]]