[[[0.23381709166400372, 0.002931826070968102, 0.9722761809494649, -0.21552729841817733], [-0.7645982818352428, -0.6171645119799701, 0.18573484478449442, -0.2363142193726055], [0.6005988969856518, -0.786828678651468, -0.14206194209288878, 0.5842585192290942], [0.0, 0.0, 0.0, 1.0]], [[0.2015477658709991, -0.11856443830564221, 0.9722761809494649, -0.21667419787403383], [-0.9736843108450441, -0.1320660071596449, 0.18573484478449442, -0.27578139565031745], [0.10638308552876491, -0.9841245062095425, -0.14206194209288878, 0.5248088681932518], [0.0, 0.0, 0.0, 1.0]], [[0.12385151684499891, -0.19834270779011887, 0.9722761809494649, -0.22021351892447935], [-0.9243534197720449, 0.33327664602939994, 0.18573484478449442, -0.28069408024980613], [-0.36087609664664566, -0.9217303550810713, -0.14206194209288878, 0.4941626993354747], [0.0, 0.0, 0.0, 1.0]], [[0.12385151684499891, -0.19834270779011887, 0.9722761809494649, -0.22021351892447935], [-0.9243534197720449, 0.33327664602939994, 0.18573484478449442, -0.28069408024980613], [-0.36087609664664566, -0.9217303550810713, -0.14206194209288878, 0.4941626993354747], [0.0, 0.0, 0.0, 1.0]], [[-0.23381287364543946, -0.0032508577307041975, 0.9722761809494649, -0.2468225389124493], [0.763755472952936, 0.6182072022933065, 0.18573484478449442, -0.13464976443386167], [-0.6016719352372178, 0.7860084522170852, -0.14206194209288878, 0.5029912566432487], [0.0, 0.0, 0.0, 1.0]], [[-0.23381709166400372, -0.0029318260709681504, 0.9722761809494649, -0.2468556162108003], [0.7645982818352427, 0.6171645119799702, 0.18573484478449442, -0.12832740004865575], [-0.6005988969856519, 0.7868286786514679, -0.14206194209288878, 0.5110308700795736], [0.0, 0.0, 0.0, 1.0]], [[-0.06949039900777162, 0.2232713873385128, 0.9722761809494649, -0.2390630921275652], [0.8095851656027149, -0.5568432697527238, 0.18573484478449442, -0.08467022422609127], [0.5828747241747283, 0.8000471614392686, -0.14206194209288878, 0.6214414705518804], [0.0, 0.0, 0.0, 1.0]], [[-0.07661089615736527, 0.2209293972025654, 0.9722761809494649, -0.23952260619601265], [0.8270169191161987, -0.5306086909657914, 0.18573484478449442, -0.08357632774193749], [0.556932478928565, 0.8183181646054793, -0.14206194209288878, 0.6197267263615698], [0.0, 0.0, 0.0, 1.0]], [[0.23381287364543946, 0.0032508577307043297, 0.9722761809494649, -0.2155544760170585], [-0.7637554729529357, -0.6182072022933068, 0.18573484478449442, -0.23062883214914143], [0.6016719352372183, -0.7860084522170848, -0.14206194209288878, 0.5915057127157856], [0.0, 0.0, 0.0, 1.0]], [[0.20587038535397942, 0.11088918970092417, 0.9722761809494649, -0.21684684914703029], [-0.39181542036104355, -0.901101128508992, 0.18573484478449442, -0.18137369067585343], [0.896715150313355, -0.41919010461518996, -0.14206194209288878, 0.647057905857342], [0.0, 0.0, 0.0, 1.0]], [[0.09181766966266157, 0.21505474534648583, 0.9722761809494649, -0.2223229937947534], [0.2554937331140436, -0.9488021499619033, 0.18573484478449442, -0.1412744606628246], [0.9624408905886991, 0.23135673046537564, -0.14206194209288878, 0.662005605619493], [0.0, 0.0, 0.0, 1.0]], [[0.09866333908412374, 0.21200135254072025, 0.9722761809494649, -0.22193798026371978], [0.2249518588634868, -0.9565036479944768, 0.18573484478449442, -0.14311522783979944], [0.9693617522445547, 0.2003901142625643, -0.14206194209288878, 0.6622339910631201], [0.0, 0.0, 0.0, 1.0]], [[-0.0013648592172308205, 0.2338314887213454, 0.9722761809494651, -0.23087366259038092], [0.6120267776044088, -0.7687169771301035, 0.18573484478449445, -0.1097131603030943], [0.7908358620184603, 0.595312559882887, -0.1420619420928888, 0.6447484969136147], [0.0, 0.0, 0.0, 1.0]], [[0.290616837896809, 0.002666935481843197, -0.956835796250326, 0.2605813480712032], [-0.674432473040126, 0.7099202695439313, -0.20286461051561416, -0.21038634039163123], [0.6787360995555192, 0.7042770039876411, 0.20811345178616555, 0.6108236574917757], [0.0, 0.0, 0.0, 1.0]], [[0.28581903056596464, -0.05265682083393053, -0.956835796250326, 0.2604459677304955], [-0.5270948409239353, 0.8252375285163173, -0.20286461051561416, -0.18397668889793192], [0.8002990131430274, 0.5623257781286075, 0.20811345178616555, 0.6359447962896486], [0.0, 0.0, 0.0, 1.0]], [[0.1117932014215603, -0.2682676632207522, -0.956835796250326, 0.2515046651042427], [0.4040731243878375, 0.8919477899225936, -0.20286461051561416, -0.1066011259878857], [0.9078695887975152, -0.3639527454523151, 0.20811345178616555, 0.6702597574513371], [0.0, 0.0, 0.0, 1.0]], [[0.030842997603554932, -0.28898783454123395, -0.956835796250326, 0.2455519390560093], [0.6411556666942627, 0.740111721881355, -0.20286461051561416, -0.08848660165564576], [0.7667907932185044, -0.6072237401658342, 0.20811345178616555, 0.6605487780430358], [0.0, 0.0, 0.0, 1.0]], [[0.007072573522273086, -0.2905430049369223, -0.956835796250326, 0.242059744737145], [0.6996138339191219, 0.6851178243115087, -0.20286461051561416, -0.0800977009642948], [0.7144861524849584, -0.6679807849728074, 0.20811345178616555, 0.6526701644970405], [0.0, 0.0, 0.0, 1.0]], [[-0.12343397956825607, -0.2631146360466248, -0.956835796250326, 0.23080196644726406], [0.9319480446762671, 0.30053085003778035, -0.20286461051561416, -0.06015680517519369], [0.3409353233562431, -0.9167616355812569, 0.20811345178616555, 0.6203486440057515], [0.0, 0.0, 0.0, 1.0]], [[-0.13180380035675543, -0.25902319823815206, -0.956835796250326, 0.23031142272026583], [0.9411017127217731, 0.27050603710914395, -0.20286461051561416, -0.05993747626727279], [0.3113764996329395, -0.9272181332685343, 0.20811345178616555, 0.6183070858052067], [0.0, 0.0, 0.0, 1.0]], [[-0.0011711886506091105, -0.29062671475820867, -0.956835796250326, 0.2411661840535206], [0.7187649304195126, 0.6649984395465764, -0.20286461051561416, -0.07802724100011951], [0.6952521867036293, -0.6879776072442105, 0.20811345178616555, 0.6505801131800306], [0.0, 0.0, 0.0, 1.0]], [[0.29061106917773977, 0.003235040243247861, -0.956835796250326, 0.2605455746322363], [-0.6758189660079955, 0.7086005045046413, -0.20286461051561416, -0.21873439058600683], [0.6773580527721323, 0.705602479821601, 0.20811345178616555, 0.6025216796841107], [0.0, 0.0, 0.0, 1.0]], [[0.05265682083393056, 0.28581903056596464, -0.956835796250326, 0.2471444740998299], [-0.8252375285163174, -0.5270948409239353, -0.20286461051561416, -0.2711326919514653], [-0.5623257781286075, 0.8002990131430275, 0.20811345178616555, 0.48983115682047396], [0.0, 0.0, 0.0, 1.0]], [[0.05265682083393056, 0.28581903056596464, -0.956835796250326, 0.2471444740998299], [-0.8252375285163174, -0.5270948409239353, -0.20286461051561416, -0.2711326919514653], [-0.5623257781286075, 0.8002990131430275, 0.20811345178616555, 0.48983115682047396], [0.0, 0.0, 0.0, 1.0]], [[0.260553863527621, 0.12875147849572185, -0.956835796250326, 0.2590326430222328], [-0.9160042414949201, 0.34609562170542485, -0.20286461051561416, -0.2605902051876251], [0.30503756123491765, 0.9293228058223373, 0.20811345178616555, 0.55476556126216], [0.0, 0.0, 0.0, 1.0]], [[0.0011711886506090298, 0.29062671475820867, -0.956835796250326, 0.24150099084273585], [-0.7187649304195124, -0.6649984395465767, -0.20286461051561416, -0.2591495013746529], [-0.6952521867036295, 0.6879776072442104, 0.20811345178616555, 0.4755652769297397], [0.0, 0.0, 0.0, 1.0]], [[-0.0007859229706259182, 0.9999996911524814, 4.475051216345274e-06, -0.040966394119666336], [-0.9458669426264685, -0.0007448311823031055, 0.32455380458864874, -0.27845065367082905], [0.32455370768416925, 0.00025084148721815327, 0.9458672358777458, 0.43522813856856096], [0.0, 0.0, 0.0, 1.0]], [[0.00027307510956464665, -0.999640014085484, 0.026828486151074023, 0.004755023492528938], [0.22553030274509303, -0.026075717524637526, -0.9738871287265697, 0.22603920443965494], [0.9742361151043886, 0.006316580938224868, 0.22544199438338822, 0.8477493975686488], [0.0, 0.0, 0.0, 1.0]], [[-0.005538575762084778, -0.9996247078325792, 0.026828486151074023, -0.03356144605925028], [0.22537489388101903, -0.027386451191007296, -0.9738871287265697, 0.22501875788447875], [0.9742563735417117, 0.0006525195731153796, 0.22544199438338822, 0.8479009802725809], [0.0, 0.0, 0.0, 1.0]], [[-0.01703080290179936, 0.0697798054589478, 0.9974170293827107, -0.20743846807574], [0.002007382700335771, 0.9975620862003616, -0.06975567783540339, 0.18831822357308575], [-0.999852950271796, 0.0008142024893069803, -0.017129358046697227, -0.03552211075998447], [0.0, 0.0, 0.0, 1.0]], [[0.997478273573839, 0.06887603004397246, 0.01712268184412855, -0.14239602159047707], [-0.06887426122516245, 0.9976251074158248, -0.0006936816646528353, 0.18276953331353793], [-0.01712979535317132, -0.00048737967294011896, 0.9998531555044535, 0.010257121637737187], [0.0, 0.0, 0.0, 1.0]], [[0.676417812520662, -0.7363190590166923, 0.01712268184412855, -0.14787865740341266], [0.7364348814664393, 0.6765080813746864, -0.0006936816646528353, 0.2998806164740362], [-0.011072861611786274, 0.013078958808458526, 0.9998531555044535, 0.010432262596031049], [0.0, 0.0, 0.0, 1.0]], [[0.08893648256816335, -0.9958901123291, 0.01712268184412855, -0.19456679852120085], [0.9960369520303722, 0.08893766916101421, -0.0006936816646528353, 0.3189700356074679], [-0.0008320207020706607, 0.017116517441887844, 0.9998531555044535, 0.01124505011569976], [0.0, 0.0, 0.0, 1.0]], [[0.08893648256816335, -0.9958901123291, 0.01712268184412855, -0.19559163225400625], [0.9960369520303722, 0.08893766916101421, -0.0006936816646528353, 0.3190615580780145], [-0.0008320207020706607, 0.017116517441887844, 0.9998531555044535, 0.011262664091624849], [0.0, 0.0, 0.0, 1.0]], [[-0.9973550065616859, -0.07063854933960625, 0.01712268184412855, -0.2698303991111285], [0.07063703999113374, -0.9975018433000707, -0.0006936816646528353, 0.20852943384015826], [0.017128907368253444, 0.0005176486809776183, 0.9998531555044535, 0.012457332199516507], [0.0, 0.0, 0.0, 1.0]], [[-0.3096384752317798, -0.9507001779859952, 0.01712268184412855, -0.23710778975936497], [0.9508356670359134, -0.30969509698753284, -0.0006936816646528353, 0.31688768971176745], [0.005962293896455131, 0.01606606607976635, 0.9998531555044535, 0.011972128256260166], [0.0, 0.0, 0.0, 1.0]], [[-0.5673408795200439, -0.8233050104255941, 0.01712268184412855, -0.24928941840662389], [0.8234187889706741, -0.5674337113494549, -0.0006936816646528353, 0.30697291203867183], [0.010287098497218839, 0.013705583982291412, 0.9998531555044535, 0.012173862331988151], [0.0, 0.0, 0.0, 1.0]], [[0.050552321501776354, -0.9985746224280113, 0.01712268184412855, -0.2027110373525445], [0.9987213990514804, 0.05054785734728427, -0.0006936816646528353, 0.3194949526301113], [-0.0001728219728940047, 0.017135855985412868, 0.9998531555044535, 0.011384885985513288], [0.0, 0.0, 0.0, 1.0]], [[0.050552321501776354, -0.9985746224280113, 0.01712268184412855, -0.20322483548404432], [0.9987213990514804, 0.05054785734728427, -0.0006936816646528353, 0.31952096109665257], [-0.0001728219728940047, 0.017135855985412868, 0.9998531555044535, 0.011393702923766283], [0.0, 0.0, 0.0, 1.0]], [[0.2275891609468244, 0.20154065585761857, 0.9526723139967916, -0.2036477158019183], [0.9163465323022391, 0.2866370857259659, -0.279550020254313, -0.09253721269014584], [-0.3294119101629174, 0.9366005259036567, -0.11944558727643216, -0.012874366410182754], [0.0, 0.0, 0.0, 1.0]], [[0.2275891609468244, 0.20154065585761857, 0.9526723139967916, -0.2036477158019183], [0.9163465323022391, 0.2866370857259659, -0.279550020254313, -0.09253721269014584], [-0.3294119101629174, 0.9366005259036567, -0.11944558727643216, -0.012874366410182754], [0.0, 0.0, 0.0, 1.0]], [[0.23728021549481437, -0.1900356847508727, 0.9526723139967919, -0.21055778878644074], [0.4381673671076501, -0.8543191116776935, -0.2795500202543131, -0.1555581778718115], [0.8670106445348205, 0.4837616085878498, -0.11944558727643219, 0.07950641654324905], [0.0, 0.0, 0.0, 1.0]], [[-0.19674186252657533, -0.23175008451686213, 0.9526723139967916, -0.24728528924883092], [-0.8664971236397793, -0.41356320061122753, -0.279550020254313, -0.2760131043743668], [0.458775952130845, -0.880487011503648, -0.11944558727643216, 0.06848804626007962], [0.0, 0.0, 0.0, 1.0]], [[-0.19954392998077067, -0.22934184561877907, 0.9526723139967916, -0.24761492896612775], [-0.8714594087862748, -0.4030015943066351, -0.279550020254313, -0.27669176150693253], [0.44804097898038947, -0.885997761190446, -0.11944558727643216, 0.06744723747054919], [0.0, 0.0, 0.0, 1.0]], [[0.20225512990643085, -0.22695445483737792, 0.9526723139967919, -0.21296874167210136], [0.28951637946608033, -0.9154409059009032, -0.2795500202543131, -0.16571389414496163], [0.9355603285985282, 0.33235466482780535, -0.11944558727643219, 0.08404557648795141], [0.0, 0.0, 0.0, 1.0]], [[-0.18600517108474168, -0.24045277805368473, 0.9526723139967916, -0.24593825346241555], [-0.8468046110643963, -0.4525193220801624, -0.279550020254313, -0.27293355907493294], [0.49832120866948115, -0.858725057670018, -0.11944558727643216, 0.07202435729911744], [0.0, 0.0, 0.0, 1.0]], [[-0.2799857452318033, 0.11842062578364608, 0.9526723139967916, -0.2458031876066787], [-0.6537960119531814, 0.7031376543251887, -0.279550020254313, -0.22997164270164344], [-0.7029642645406005, -0.7011233803397809, -0.11944558727643216, -0.027446300109879397], [0.0, 0.0, 0.0, 1.0]], [[-0.216209830884883, -0.21370252963577407, 0.9526723139967916, -0.24906125723050893], [-0.8992730249480213, -0.33639234946212526, -0.279550020254313, -0.27835851851326693], [0.3802122244609788, -0.9171539761951767, -0.11944558727643216, 0.05981250637381393], [0.0, 0.0, 0.0, 1.0]], [[-0.2566615308121212, -0.16291200307275452, 0.9526723139967916, -0.25079520495489327], [-0.9501992956427866, -0.13774282099538168, -0.279550020254313, -0.27455914428320216], [0.17676582577277533, -0.9769782978751664, -0.11944558727643216, 0.03709087055795058], [0.0, 0.0, 0.0, 1.0]], [[-0.25242134956327267, -0.16940756898277803, 0.9526723139967916, -0.25071001761182254], [-0.9463755140880935, -0.16194188003820986, -0.279550020254313, -0.27537291297403976], [0.2016354349293617, -0.9721501442992413, -0.11944558727643216, 0.03967484778381579], [0.0, 0.0, 0.0, 1.0]], [[-0.20627330714195924, -0.22330872106730976, 0.9526723139967916, -0.24828226858524033], [-0.8830541643182004, -0.37691793411311425, -0.279550020254313, -0.2777449538572703], [0.4215052379757619, -0.898924961294982, -0.11944558727643216, 0.06458956776439959], [0.0, 0.0, 0.0, 1.0]], [[-0.13942548696206256, 0.2701406961740314, 0.9526723139967919, -0.23625045657693863], [-0.05263860373039764, 0.95868710410286, -0.2795500202543131, -0.1889816908373877], [-0.9888324989515194, -0.08912373812561003, -0.11944558727643219, -0.04718850702228045], [0.0, 0.0, 0.0, 1.0]], [[0.07118280472372616, 0.2955477464905839, 0.9526723139967916, -0.2206964425507936], [0.5871230468935208, 0.759696198478235, -0.279550020254313, -0.13580854026788108], [-0.8063619138563853, 0.5792350261871737, -0.11944558727643216, -0.04757928566491911], [0.0, 0.0, 0.0, 1.0]], [[0.00395054003256079, 0.30397344518469005, 0.9526723139967919, -0.22640336816142695], [0.4042656056841322, 0.8708737602182393, -0.2795500202543131, -0.15437966182166898], [-0.9146331031043504, 0.3862370235825347, -0.11944558727643219, -0.04963271121520985], [0.0, 0.0, 0.0, 1.0]], [[-0.012456133703729447, 0.3003534341162902, -0.9537466431645808, -0.23239631892607607], [-0.014801463479984959, 0.9536607516895438, 0.3005196954706712, -0.21001807432060587], [0.9998128631959111, 0.01786015961534553, -0.007433255444883749, 0.54029770314275], [0.0, 0.0, 0.0, 1.0]], [[0.012456133703729364, -0.3003534341162902, -0.9537466431645808, -0.23041624198749808], [0.014801463479984695, -0.9536607516895438, 0.3005196954706712, -0.217244878332492], [-0.9998128631959111, -0.01786015961534525, -0.007433255444883749, -0.0059351963399773555], [0.0, 0.0, 0.0, 1.0]], [[-0.008024974550543726, -0.3005044765652534, -0.953746643164581, -0.23194169670151882], [-0.05017124446673882, -0.9524551217054132, 0.30051969547067126, -0.2220819942879312], [-0.9987083888764137, 0.05026231890163099, -0.007433255444883751, -0.005767208179038474], [0.0, 0.0, 0.0, 1.0]], [[0.03252556297672407, -0.9531944510943553, -0.3006034367002119, -0.22632109256097163], [0.006736756212005706, 0.3009648189061346, -0.9536114480733429, -0.2102881399585647], [0.9994481996926041, 0.028991657140094128, 0.0162104888107691, 0.5581575989070559], [0.0, 0.0, 0.0, 1.0]], [[0.03252556297672407, -0.9531944510943553, -0.3006034367002119, -0.2250388596206944], [0.006736756212005706, 0.3009648189061346, -0.9536114480733429, -0.21069299649567838], [0.9994481996926041, 0.028991657140094128, 0.0162104888107691, 0.5581185994586897], [0.0, 0.0, 0.0, 1.0]], [[0.011970419305864248, 0.641289722040612, 0.7672054493202695, 0.2448068088741568], [0.010245824169026887, 0.7671414794671537, -0.6413961128413892, -0.21263081773253725], [-0.9998758583687971, 0.015538432547117592, 0.0026124634427106426, -0.004666292811923739], [0.0, 0.0, 0.0, 1.0]], [[0.01545363641127335, -0.7670527973987322, 0.6413978415339794, 0.24916825165287496], [-0.02135227660601383, 0.6410749957797001, 0.7671811585732524, -0.2225191308778375], [-0.999652572349718, -0.025551042813104236, -0.006471383604336333, -0.022497366761049575], [0.0, 0.0, 0.0, 1.0]], [[0.01545363641127335, -0.7670527973987322, 0.6413978415339794, 0.24856773024832715], [-0.02135227660601383, 0.6410749957797001, 0.7671811585732524, -0.22201723679937033], [-0.999652572349718, -0.025551042813104236, -0.006471383604336333, -0.022517370531545955], [0.0, 0.0, 0.0, 1.0]], [[0.01545363641127335, -0.7670527973987322, 0.6413978415339794, 0.25157033727106476], [-0.02135227660601383, 0.6410749957797001, 0.7671811585732524, -0.224526707191705], [-0.999652572349718, -0.025551042813104236, -0.006471383604336333, -0.022417351679064], [0.0, 0.0, 0.0, 1.0]], [[-0.01974548182011303, -0.766954317298784, 0.6413978415339794, 0.23857677866235774], [0.00807475317989052, 0.6413796600230522, 0.7671811585732524, -0.21366554928064424], [-0.999772431260622, 0.020327490879842817, -0.006471383604336333, -0.02265914476551109], [0.0, 0.0, 0.0, 1.0]], [[-0.01974548182011303, -0.766954317298784, 0.6413978415339794, 0.23737589005231682], [0.00807475317989052, 0.6413796600230522, 0.7671811585732524, -0.2126612840837987], [-0.999772431260622, 0.020327490879842817, -0.006471383604336333, -0.022627316204516384], [0.0, 0.0, 0.0, 1.0]], [[-0.931978847967244, 0.19996306314038378, -0.30237427192333005, 0.1905579724170666], [-0.30788941856095803, -0.8769269135699148, 0.36905730475759235, -0.19759899729573133], [-0.1913623078870137, 0.43705144049214406, 0.8788438459043209, 0.009287215103470907], [0.0, 0.0, 0.0, 1.0]], [[0.9312285649329854, -0.20342851209132076, -0.30237427192333005, 0.28245683623771795], [0.31114933521759874, 0.8757755403062523, 0.36905730475759235, -0.16798418357782025], [0.18973521298509388, -0.43776025798329776, 0.8788438459043209, 0.028469563350301107], [0.0, 0.0, 0.0, 1.0]], [[0.2829539076842086, 0.22814166195707702, -0.9316053178281559, 0.25580058783089715], [-0.28852655628523594, -0.9060628290759739, -0.30951991225933306, -0.2044575103016414], [-0.9147073370452536, 0.35637274284982223, -0.1905490900247901, -0.04025862209620781], [0.0, 0.0, 0.0, 1.0]], [[0.14233536798500934, 0.3344430815772287, -0.9316053178281561, 0.24701090441457357], [0.17171373910256593, -0.935260293029909, -0.3095199122593331, -0.1734443417836528], [-0.9748102558057072, -0.11591380188198697, -0.19054909002479015, -0.047661844991238336], [0.0, 0.0, 0.0, 1.0]], [[0.29758649997222036, 0.20869548828037587, -0.9316053178281559, 0.2567921461851979], [-0.34851196690846953, -0.8847241563541514, -0.30951991225933306, -0.2084498183551245], [-0.8888091380920168, 0.4167845490596442, -0.1905490900247901, -0.038621470207514885], [0.0, 0.0, 0.0, 1.0]], [[-0.1043612097962276, 0.34816701406676737, -0.9316053178281559, 0.22728277369092062], [0.7299552324733917, -0.6093954237600507, -0.30951991225933306, -0.1166890614244587], [-0.6754806410805456, -0.7123320488481055, -0.1905490900247901, -0.04340077979367217], [0.0, 0.0, 0.0, 1.0]], [[0.2121125057594794, -0.29516066251236056, -0.9316053178281559, 0.25960881663460444], [-0.8886833657918997, 0.3382887808954882, -0.30951991225933306, -0.2796758889491142], [0.4065097296070731, 0.8935551936089392, -0.1905490900247901, 0.06330429574112043], [0.0, 0.0, 0.0, 1.0]], [[0.29927433839490325, -0.20626779237824247, -0.9316053178281559, 0.26401791999446955], [-0.9507119665650761, 0.018552103517941232, -0.30951991225933306, -0.270887546664353], [0.0811272272930525, 0.9783196907363491, -0.1905490900247901, 0.027472526253791412], [0.0, 0.0, 0.0, 1.0]], [[0.24686044840956936, -0.26677977960356586, -0.9316053178281559, 0.2621007685258536], [-0.9235904746300327, 0.2262256817597109, -0.30951991225933306, -0.2789101734175918], [0.29332670213210665, 0.9368300219927983, -0.1905490900247901, 0.04987720544402578], [0.0, 0.0, 0.0, 1.0]], [[0.3616036304400417, 0.03680144354346149, -0.9316053178281559, 0.2617664633182448], [-0.7361663831878271, -0.6018774627605924, -0.30951991225933306, -0.23559994870398904], [-0.5721030245652746, 0.7977400413505576, -0.1905490900247901, -0.01883966138749153], [0.0, 0.0, 0.0, 1.0]], [[0.3516797793644415, -0.09183062985996865, -0.9316053178281559, 0.26376571894557077], [-0.9000368481742764, -0.3068079135933255, -0.30951991225933306, -0.2536244145130171], [-0.2574004753583265, 0.9473310084527119, -0.1905490900247901, 0.0006640470853931865], [0.0, 0.0, 0.0, 1.0]], [[0.19897032287429936, -0.30417485499231833, -0.9316053178281559, 0.2583097880813505], [-0.8730003482700859, 0.3769188451580572, -0.30951991225933306, -0.278429946936495], [0.445287774967611, 0.8748770437925084, -0.1905490900247901, 0.06763146437618757], [0.0, 0.0, 0.0, 1.0]], [[0.18139057563097688, -0.3149745876520258, -0.9316053178281559, 0.25618422836371835], [-0.8502071233971455, 0.42584653484527246, -0.30951991225933306, -0.27481930885462236], [0.4942118031745235, 0.8482014724661296, -0.1905490900247901, 0.07215847814410313], [0.0, 0.0, 0.0, 1.0]], [[-0.3129666752778302, -0.18483341678344314, -0.9316053178281559, 0.21641526041234826], [0.4164982776520341, 0.854825484311192, -0.30951991225933306, -0.1578595111148822], [0.8535695899447392, -0.48488142819899194, -0.1905490900247901, 0.07660665311911825], [0.0, 0.0, 0.0, 1.0]], [[-0.2414355834320596, 0.27169908142487675, -0.9316053178281559, 0.21242875900040498], [0.9188452909835998, -0.24478716296456154, -0.30951991225933306, -0.09148051956173388], [-0.3121412985974222, -0.9307302799418528, -0.1905490900247901, -0.011726351904982873], [0.0, 0.0, 0.0, 1.0]], [[-0.0011060499327135466, -0.033948295010890965, 0.9994229784827843, 0.24318653570828377], [-0.952386335313402, -0.3046805406951551, -0.011403351700987429, -0.14292708183494413], [0.3048918578149551, -0.9518494005816055, -0.031994900384025686, 0.6526555339034126], [0.0, 0.0, 0.0, 1.0]], [[-0.011076308004676717, -0.032109585509403175, 0.9994229784827845, 0.24130122616550828], [-0.9998847743395292, -0.010020060577302245, -0.01140335170098743, -0.19680057512460422], [0.010380435683281987, -0.9994341263457246, -0.03199490038402569, 0.6129653560307556], [0.0, 0.0, 0.0, 1.0]], [[0.00753768842665848, -0.0331193800331884, 0.9994229784827843, 0.2441103642883033], [-0.8440126917571819, -0.5362019579624642, -0.011403351700987429, -0.0995325125954386], [0.5362702298337837, -0.8434397233610931, -0.031994900384025686, 0.6660467922276176], [0.0, 0.0, 0.0, 1.0]], [[-0.0054411942720211035, -0.03352765254971282, 0.9994229784827843, 0.2424717839656216], [-0.9835451484133696, -0.180302259005556, -0.011403351700987429, -0.16946200473100528], [0.18058054833624002, -0.9830396695515391, -0.031994900384025686, 0.6397862249684675], [0.0, 0.0, 0.0, 1.0]], [[-0.012487655491056055, -0.031587474431122815, 0.9994229784827843, 0.24101561108528446], [-0.9993473023808799, 0.03427729268834039, -0.011403351700987429, -0.19879524741413523], [-0.03389731087262328, -0.9989130586117198, -0.031994900384025686, 0.6047545373884721], [0.0, 0.0, 0.0, 1.0]], [[-0.0339614862564011, -0.000572303989518734, 0.9994229784827843, 0.24091199068167352], [-0.35135526866212663, 0.9361727611682304, -0.011403351700987429, -0.03807952597115381], [-0.9356260431575326, -0.3515398038839914, -0.031994900384025686, 0.5442368147307883], [0.0, 0.0, 0.0, 1.0]], [[-0.9887675076804348, -0.04974831153370574, 0.14093942406213647, -0.21839264933149422], [-0.12941815998498563, -0.1867275749333866, -0.9738499641246576, 0.18323727984382646], [0.07476466826999258, -0.9811513228136839, 0.17819182394104424, 0.7746190168727614], [0.0, 0.0, 0.0, 1.0]], [[-0.9891922853638466, -0.04043143976762944, 0.14093942406213647, -0.22073898703665723], [-0.13117148055386757, -0.185500107988403, -0.9738499641246576, 0.17433723072093305], [0.06551843455056384, -0.9818121045366099, 0.17819182394104424, 0.7278344851819318], [0.0, 0.0, 0.0, 1.0]], [[-0.03161972657542539, 0.9994849021399257, -0.005488468423788257, -0.21302014811340667], [-0.9994995472216814, -0.03161417722581695, 0.0010949438289704488, -0.22394358601231518], [0.0009208664122993023, 0.005520343529004353, 0.9999843387835495, 0.01183290273680795], [0.0, 0.0, 0.0, 1.0]], [[0.016430901650322176, 0.9998499398336325, -0.005488468423788256, -0.20847381395496004], [-0.9998643014226929, 0.016437148126157895, 0.0010949438289704486, -0.2239455627788268], [0.0011849942899848584, 0.005469732732065114, 0.9999843387835493, 0.011857857703554004], [0.0, 0.0, 0.0, 1.0]], [[-0.007803662401100494, 0.005189850917837944, 0.9999560831859469, -0.2115742388713481], [-0.9991764725892315, -0.0398592249004047, -0.007590705795890099, -0.24191906230969687], [0.03981807977879461, -0.9991918272472956, 0.005496624868041599, 0.0143807642505242], [0.0, 0.0, 0.0, 1.0]], [[-0.007378127786466734, 0.005778834639120623, 0.9999560831859469, -0.21154433168248812], [-0.9992613663089961, 0.03767098336649043, -0.007590705795890099, -0.24190995916356056], [-0.03771319441050739, -0.999273487130733, 0.005496624868041599, 0.008952564792916735], [0.0, 0.0, 0.0, 1.0]], [[-0.006623271493870512, 0.0066305334731238, 0.9999560831859469, -0.21144573210886405], [-0.9873275040185916, 0.15851429271185047, -0.007590705795890099, -0.23980665008212385], [-0.15855766169799698, -0.9873344190455043, 0.005496624868041599, -0.006080231694677635], [0.0, 0.0, 0.0, 1.0]], [[-0.0019336976312482614, 0.009170196993011533, 0.9999560831859469, -0.2109340818399912], [-0.7409923577355133, 0.6714705555443851, -0.007590705795890099, -0.1957016598369056], [-0.6715106749643194, -0.740974493841741, 0.005496624868041599, -0.03825266441230219], [0.0, 0.0, 0.0, 1.0]], [[-0.7250957742116453, 0.6628389524955489, -0.18676359729620354, -0.26359007096725956], [-0.6624770724795424, -0.7454524950771326, -0.07365260363498899, -0.2656450923212679], [-0.18804320423602172, 0.07032140952712132, 0.9796400628306137, 0.39976841841698796], [0.0, 0.0, 0.0, 1.0]], [[-0.6027325321919315, 0.7757788688553484, -0.18676359729620354, -0.25386345332762705], [-0.7788602417108521, -0.6228579435632978, -0.07365260363498899, -0.2742506631956433], [-0.1734653236806003, 0.10106992024146377, 0.9796400628306137, 0.4009757551155523], [0.0, 0.0, 0.0, 1.0]], [[-0.06320094056763553, 0.9891578453921005, 0.1325609218835768, 0.08212526196835922], [0.16510252068463488, -0.12063335449930403, 0.9788711618215263, 0.21499760824702194], [0.9842493580261793, 0.08375172046891215, -0.15568831216103313, 0.8473218605355445], [0.0, 0.0, 0.0, 1.0]], [[-0.0490850093099288, 0.9899587182556758, 0.1325609218835768, 0.15375237352842017], [0.163364990519398, -0.12297612949988318, 0.9788711618215263, 0.2061675622909536], [0.9853438697904613, 0.06970371383798363, -0.15568831216103313, 0.8527909839686811], [0.0, 0.0, 0.0, 1.0]], [[0.6245313672337257, -0.7808253618183877, -0.01650229324540453, 0.22861789028214594], [0.7808215262975032, 0.6247008174251866, -0.008162890342352312, 0.2878732554221879], [0.016682787884845413, -0.007787364733197479, 0.9998305064054113, 0.012317885432685739], [0.0, 0.0, 0.0, 1.0]], [[0.6186871365372296, -0.785464131199513, -0.01650229324540453, 0.2279369840037816], [0.7854615602926929, 0.618856610632727, -0.008162890342352312, 0.2884119560288638], [0.016624210836351048, -0.007911641749165652, 0.9998305064054113, 0.01231104511219668], [0.0, 0.0, 0.0, 1.0]], [[-0.7127540240532331, 0.3249280837677123, 0.6216135789821244, 0.12659599412037317], [0.5566654183229365, -0.2771360613858534, 0.7831469948374229, 0.3065758974332373], [0.42673799132403634, 0.9042219549748717, 0.016653615287607077, 0.05318406098236404], [0.0, 0.0, 0.0, 1.0]], [[0.6611505580503207, 0.4200910591940557, 0.6216135789821244, 0.2671398190757499], [-0.5359448504761906, -0.31534727163108156, 0.7831469948374229, 0.19490492958809108], [0.5250171967067395, -0.850928669313738, 0.016653615287607077, 0.058638302754805006], [0.0, 0.0, 0.0, 1.0]], [[0.5011881742146969, -0.6020024688092008, 0.6216135789821244, 0.2584877842428996], [-0.38129338118843553, 0.4912190366211429, 0.7831469948374229, 0.20398045218432242], [-0.7768048477508548, -0.6295211558070335, 0.016653615287607077, -0.04519776407078438], [0.0, 0.0, 0.0, 1.0]], [[0.2386480538632421, -0.7460855613214353, 0.6216135789821244, 0.23906769836261965], [-0.16908892787613727, 0.5984059817104203, 0.7831469948374229, 0.21953323307665745], [-0.9562719492157998, -0.29200447983013345, 0.016653615287607077, -0.051702329424629254], [0.0, 0.0, 0.0, 1.0]], [[-0.7292624152092878, -0.28595959187995507, 0.6216135789821244, 0.126414106616698], [0.5863429276368288, 0.20708151942504657, 0.7831469948374229, 0.3084237223546857], [-0.3526730794565823, 0.9355983946782206, 0.016653615287607077, -0.026921956182514153], [0.0, 0.0, 0.0, 1.0]], [[0.005645574835018718, -0.017223768311651323, 0.9998357211511942, -0.23019363056408082], [-0.9994838886715354, 0.03152272275698139, 0.006186617493609187, -0.20255766064288655], [-0.03162410110671838, -0.9993546216209405, -0.017036915039378746, 0.5987408597520402], [0.0, 0.0, 0.0, 1.0]], [[0.009727387883831862, -0.015294071891707646, 0.9998357211511942, -0.22982828135327626], [-0.9762665571350772, -0.21648402985811913, 0.006186617493609187, -0.19832908454578793], [0.21635384753819553, -0.9761663568169927, -0.017036915039378746, 0.6217174240893858], [0.0, 0.0, 0.0, 1.0]], [[0.012886753121904765, -0.012746070141275646, 0.9998357211511942, -0.22966249414933745], [-0.9036172877699824, -0.42829606933429654, 0.006186617493609187, -0.18668103932227892], [0.4281468542885675, -0.9035485679744865, -0.017036915039378746, 0.6356766396166218], [0.0, 0.0, 0.0, 1.0]], [[0.01807493067533484, -0.001351884297223882, 0.9998357211511942, -0.2296430214292299], [-0.41042205794372766, -0.9118746954034985, 0.006186617493609187, -0.10505588129458296], [0.9117165300872401, -0.41046645696283607, -0.017036915039378746, 0.6664599798229953], [0.0, 0.0, 0.0, 1.0]], [[0.017434212819924678, 0.004957714536035211, 0.9998357211511942, -0.2299343394442238], [-0.07115598341954428, -0.997446014472756, 0.006186617493609187, -0.035701777946743854], [0.9973128266732297, -0.07125215280252152, -0.017036915039378746, 0.6745481314103605], [0.0, 0.0, 0.0, 1.0]], [[-0.017425062960390404, -0.004989778642151515, 0.9998357211511945, -0.23224935665695176], [0.06932093173331137, 0.9975752273325624, 0.006186617493609188, -0.022612186315884478], [-0.9974422166744561, 0.06941734596978608, -0.01703691503937875, 0.5434412612619336], [0.0, 0.0, 0.0, 1.0]], [[-0.02430412274640485, 0.9995918422862664, -0.015015273966067569, 0.21707201304602974], [-0.9997039802053052, -0.024318240979489335, -0.0007583649086684856, -0.2341373322805463], [-0.0011232004268610714, 0.014992397753924002, 0.9998869768280758, 0.011319421208973952], [0.0, 0.0, 0.0, 1.0]], [[-0.02430412274640485, 0.9995918422862664, -0.015015273966067569, 0.21552984791832375], [-0.9997039802053052, -0.024318240979489335, -0.0007583649086684856, -0.23409981422405643], [-0.0011232004268610714, 0.014992397753924002, 0.9998869768280758, 0.011296291015210149], [0.0, 0.0, 0.0, 1.0]], [[0.002882500570028599, -0.0017752316855855264, 0.9999942698550459, 0.21934636164143928], [8.991981290194361e-05, 0.9999984206792166, 0.001774979858905166, 0.19097172661935596], [-0.9999958415437992, 8.480291719329812e-05, 0.002882655646136566, -0.03569559670722525], [0.0, 0.0, 0.0, 1.0]], [[0.9999934125155516, -0.002204150456536594, -0.0028838596128895593, 0.2839160655641072], [0.002206108937974293, 0.9999973379734434, 0.0006761134376005179, 0.219544296250205], [0.002882361680236527, -0.0006824710921816211, 0.9999956131025539, 0.011394503936633363], [0.0, 0.0, 0.0, 1.0]], [[0.021103274411464274, -0.9997731418491137, -0.0028838596128895593, 0.225037825835721], [0.9997771118869632, 0.021101407952604605, 0.0006761134376005179, 0.3053345930309312], [-0.0006151065575866515, -0.0028974850422691417, 0.9999956131025539, 0.01116670238719142], [0.0, 0.0, 0.0, 1.0]], [[0.021103274411464274, -0.9997731418491137, -0.0028838596128895593, 0.22253769231855014], [0.9997771118869632, 0.021101407952604605, 0.0006761134376005179, 0.3053873613391338], [-0.0006151065575866515, -0.0028974850422691417, 0.9999956131025539, 0.011159456643965832], [0.0, 0.0, 0.0, 1.0]], [[0.021103274411464274, -0.9997731418491137, -0.0028838596128895593, 0.2267045815138353], [0.9997771118869632, 0.021101407952604605, 0.0006761134376005179, 0.30529941415879613], [-0.0006151065575866515, -0.0028974850422691417, 0.9999956131025539, 0.011171532882675146], [0.0, 0.0, 0.0, 1.0]], [[-0.9999949413225011, 0.0013418953539705535, -0.0028838596128895593, 0.1544622469764238], [-0.0013438504499150166, -0.9999988684676536, 0.0006761134376005179, 0.17681658205426207], [-0.002882949076228452, 0.0006799854933989577, 0.9999956131025539, 0.011050064568179658], [0.0, 0.0, 0.0, 1.0]], [[-0.024648392589840407, -0.9996920226232028, -0.0028838596128895593, 0.21131225202030426], [0.9996959031341863, -0.024650438684585902, 0.0006761134376005179, 0.30527209292740887], [-0.0007469936145200759, -0.0028663175307745894, 0.9999956131025539, 0.011127161842900935], [0.0, 0.0, 0.0, 1.0]], [[-0.024648392589840407, -0.9996920226232028, -0.0028838596128895593, 0.20381246003353637], [0.9996959031341863, -0.024650438684585902, 0.0006761134376005179, 0.30508716281059955], [-0.0007469936145200759, -0.0028663175307745894, 0.9999956131025539, 0.01110565843508897], [0.0, 0.0, 0.0, 1.0]], [[-0.024648392589840407, -0.9996920226232028, -0.0028838596128895593, 0.20797901113729672], [0.9996959031341863, -0.024650438684585902, 0.0006761134376005179, 0.30518990176438254], [-0.0007469936145200759, -0.0028663175307745894, 0.9999956131025539, 0.011117604772762286], [0.0, 0.0, 0.0, 1.0]]]